(cx,gx)(0,0)(0,0)(0,c)(g,0)(0,0)(0,c)(0,0)(ex,0)(0,ex)(0,0)(0,0)
(cx,gx)(0,0)(0,0)(0,c)(g,0)(0,0)(0,c)(0,0)(g,0)(0,c)(0,0)(0,0)
(cx,gx)(0,0)(0,0)(0,c)(g,0)(0,0)(0,i)(0,0)(8x,0)(0,ex)(0,0)(0,0)
(cx,gx)(0,0)(0,0)(0,c)(g,0)(0,0)(0,i)(0,0)(g,0)(0,6)(0,0)(0,0)
(cx,gx)(0,0)(0,0)(0,c)(gx,0)(0,0)(0,cx)(0,0)(ex,0)(0,ex)(0,0)(0,0)
(cx,gx)(0,0)(0,0)(0,c)(gx,0)(0,0)(0,cx)(0,0)(g,0)(0,c)(0,0)(0,0)
(cx,gx)(0,0)(0,0)(0,c)(gx,0)(0,0)(0,i)(0,0)(8,0)(0,ex)(0,0)(0,0)
(cx,gx)(0,0)(0,0)(0,c)(gx,0)(0,0)(0,i)(0,0)(g,0)(0,6x)(0,0)(0,0)
(cx,gx)(0,0)(0,0)(0,c)(gx,0)(0,0)(0,i)(0,0)(g,0)(0,4x)(0,0)(2,0)
(cx,gx)(0,0)(0,0)(0,i)(g,0)(0,0)(0,6)(0,0)(ex,0)(0,ex)(0,0)(0,0)
(cx,gx)(0,0)(0,0)(0,i)(g,0)(0,0)(0,6)(0,0)(g,0)(0,c)(0,0)(0,0)
(cx,gx)(0,0)(0,0)(0,ix)(gx,0)(0,0)(0,6)(0,0)(ex,0)(0,ex)(0,0)(0,0)
(cx,gx)(0,0)(0,0)(0,ix)(gx,0)(0,0)(0,6)(0,0)(g,0)(0,c)(0,0)(0,0)
(cx,i)(0,0)(0,0)(0,i)(8,0)(0,0)(0,cx)(0,0)(ex,0)(0,ex)(0,0)(0,0)
(cx,i)(0,0)(0,0)(0,i)(8,0)(0,0)(0,cx)(0,0)(g,0)(0,c)(0,0)(0,0)
(cx,i)(0,0)(0,0)(0,i)(8,0)(0,0)(0,i)(0,0)(8,0)(0,ex)(0,0)(0,0)
(cx,i)(0,0)(0,0)(0,i)(8,0)(0,0)(0,i)(0,0)(g,0)(0,6x)(0,0)(0,0)
(cx,i)(0,0)(0,0)(0,i)(8,0)(0,0)(0,i)(0,0)(g,0)(0,4x)(0,0)(2,0)
(cx,i)(0,0)(0,0)(0,i)(g,0)(0,0)(0,4x)(0,0)(ex,0)(0,ex)(0,0)(0,0)
(cx,i)(0,0)(0,0)(0,i)(g,0)(0,0)(0,4x)(0,0)(g,0)(0,c)(0,0)(0,0)
(cx,i)(0,0)(0,0)(0,ix)(8,0)(0,0)(0,c)(0,0)(ex,0)(0,ex)(0,0)(0,0)
(cx,i)(0,0)(0,0)(0,ix)(8,0)(0,0)(0,c)(0,0)(g,0)(0,c)(0,0)(0,0)
(cx,i)(0,0)(0,0)(0,ix)(8,0)(0,0)(0,i)(0,0)(8x,0)(0,ex)(0,0)(0,0)
(cx,i)(0,0)(0,0)(0,ix)(8,0)(0,0)(0,i)(0,0)(g,0)(0,6)(0,0)(0,0)
(cx,i)(0,0)(0,0)(0,ix)(gx,0)(0,0)(0,4x)(0,0)(ex,0)(0,ex)(0,0)(0,0)
(cx,i)(0,0)(0,0)(0,ix)(gx,0)(0,0)(0,4x)(0,0)(g,0)(0,c)(0,0)(0,0)
(g,c)(0,0)(0,0)(0,c)(g,0)(0,0)(0,c)(0,0)(ex,0)(0,ex)(0,0)(0,0)
(g,c)(0,0)(0,0)(0,c)(g,0)(0,0)(0,i)(0,0)(8x,0)(0,ex)(0,0)(0,0)
(g,c)(0,0)(0,0)(0,c)(gx,0)(0,0)(0,cx)(0,0)(ex,0)(0,ex)(0,0)(0,0)
(g,c)(0,0)(0,0)(0,c)(gx,0)(0,0)(0,cx)(0,0)(g,0)(0,c)(0,0)(0,0)
(g,c)(0,0)(0,0)(0,c)(gx,0)(0,0)(0,i)(0,0)(8,0)(0,ex)(0,0)(0,0)
(g,c)(0,0)(0,0)(0,c)(gx,0)(0,0)(0,i)(0,0)(g,0)(0,6x)(0,0)(0,0)
(g,c)(0,0)(0,0)(0,c)(gx,0)(0,0)(0,i)(0,0)(g,0)(0,4x)(0,0)(2,0)
(g,c)(0,0)(0,0)(0,i)(g,0)(0,0)(0,6)(0,0)(ex,0)(0,ex)(0,0)(0,0)
(g,c)(0,0)(0,0)(0,ix)(gx,0)(0,0)(0,6)(0,0)(ex,0)(0,ex)(0,0)(0,0)
(g,c)(0,0)(0,0)(0,ix)(gx,0)(0,0)(0,6)(0,0)(g,0)(0,c)(0,0)(0,0)
(g,i)(0,0)(0,0)(0,6)(g,0)(0,0)(0,c)(0,0)(ex,0)(0,ex)(0,0)(0,0)
(g,i)(0,0)(0,0)(0,6)(g,0)(0,0)(0,i)(0,0)(8x,0)(0,ex)(0,0)(0,0)
(g,i)(0,0)(0,0)(0,6)(gx,0)(0,0)(0,cx)(0,0)(ex,0)(0,ex)(0,0)(0,0)
(g,i)(0,0)(0,0)(0,6)(gx,0)(0,0)(0,cx)(0,0)(g,0)(0,c)(0,0)(0,0)
(g,i)(0,0)(0,0)(0,6)(gx,0)(0,0)(0,i)(0,0)(8,0)(0,ex)(0,0)(0,0)
(g,i)(0,0)(0,0)(0,6)(gx,0)(0,0)(0,i)(0,0)(g,0)(0,6x)(0,0)(0,0)
(g,i)(0,0)(0,0)(0,6)(gx,0)(0,0)(0,i)(0,0)(g,0)(0,4x)(0,0)(2,0)
(g,i)(0,0)(0,0)(0,i)(4x,0)(0,0)(0,cx)(0,0)(ex,0)(0,ex)(0,0)(0,0)
(g,i)(0,0)(0,0)(0,i)(4x,0)(0,0)(0,cx)(0,0)(g,0)(0,c)(0,0)(0,0)
(g,i)(0,0)(0,0)(0,i)(4x,0)(0,0)(0,i)(0,0)(8,0)(0,ex)(0,0)(0,0)
(g,i)(0,0)(0,0)(0,i)(4x,0)(0,0)(0,i)(0,0)(g,0)(0,6x)(0,0)(0,0)
(g,i)(0,0)(0,0)(0,i)(4x,0)(0,0)(0,i)(0,0)(g,0)(0,4x)(0,0)(2,0)
(g,i)(0,0)(0,0)(0,ix)(4x,0)(0,0)(0,c)(0,0)(ex,0)(0,ex)(0,0)(0,0)
(g,i)(0,0)(0,0)(0,ix)(4x,0)(0,0)(0,c)(0,0)(g,0)(0,c)(0,0)(0,0)
(g,i)(0,0)(0,0)(0,ix)(4x,0)(0,0)(0,i)(0,0)(8x,0)(0,ex)(0,0)(0,0)
(g,i)(0,0)(0,0)(0,ix)(4x,0)(0,0)(0,i)(0,0)(g,0)(0,6)(0,0)(0,0)
(ix,c)(0,0)(0,0)(0,i)(8,0)(0,0)(0,cx)(0,0)(ex,0)(0,ex)(0,0)(0,0)
(ix,c)(0,0)(0,0)(0,i)(8,0)(0,0)(0,cx)(0,0)(g,0)(0,c)(0,0)(0,0)
(ix,c)(0,0)(0,0)(0,i)(8,0)(0,0)(0,i)(0,0)(8,0)(0,ex)(0,0)(0,0)
(ix,c)(0,0)(0,0)(0,i)(8,0)(0,0)(0,i)(0,0)(g,0)(0,6x)(0,0)(0,0)
(ix,c)(0,0)(0,0)(0,i)(8,0)(0,0)(0,i)(0,0)(g,0)(0,4x)(0,0)(2,0)
(ix,c)(0,0)(0,0)(0,i)(g,0)(0,0)(0,4x)(0,0)(ex,0)(0,ex)(0,0)(0,0)
(ix,c)(0,0)(0,0)(0,i)(g,0)(0,0)(0,4x)(0,0)(g,0)(0,c)(0,0)(0,0)
(ix,c)(0,0)(0,0)(0,ix)(8,0)(0,0)(0,c)(0,0)(ex,0)(0,ex)(0,0)(0,0)
(ix,c)(0,0)(0,0)(0,ix)(8,0)(0,0)(0,c)(0,0)(g,0)(0,c)(0,0)(0,0)
(ix,c)(0,0)(0,0)(0,ix)(8,0)(0,0)(0,i)(0,0)(8x,0)(0,ex)(0,0)(0,0)
(ix,c)(0,0)(0,0)(0,ix)(8,0)(0,0)(0,i)(0,0)(g,0)(0,6)(0,0)(0,0)
(ix,c)(0,0)(0,0)(0,ix)(gx,0)(0,0)(0,4x)(0,0)(ex,0)(0,ex)(0,0)(0,0)
(ix,c)(0,0)(0,0)(0,ix)(gx,0)(0,0)(0,4x)(0,0)(g,0)(0,c)(0,0)(0,0)
(ix,gx)(0,0)(0,0)(0,6)(g,0)(0,0)(0,c)(0,0)(ex,0)(0,ex)(0,0)(0,0)
(ix,gx)(0,0)(0,0)(0,6)(g,0)(0,0)(0,c)(0,0)(g,0)(0,c)(0,0)(0,0)
(ix,gx)(0,0)(0,0)(0,6)(g,0)(0,0)(0,i)(0,0)(8x,0)(0,ex)(0,0)(0,0)
(ix,gx)(0,0)(0,0)(0,6)(g,0)(0,0)(0,i)(0,0)(g,0)(0,6)(0,0)(0,0)
(ix,gx)(0,0)(0,0)(0,6)(gx,0)(0,0)(0,cx)(0,0)(ex,0)(0,ex)(0,0)(0,0)
(ix,gx)(0,0)(0,0)(0,6)(gx,0)(0,0)(0,cx)(0,0)(g,0)(0,c)(0,0)(0,0)
(ix,gx)(0,0)(0,0)(0,6)(gx,0)(0,0)(0,i)(0,0)(8,0)(0,ex)(0,0)(0,0)
(ix,gx)(0,0)(0,0)(0,6)(gx,0)(0,0)(0,i)(0,0)(g,0)(0,6x)(0,0)(0,0)
(ix,gx)(0,0)(0,0)(0,6)(gx,0)(0,0)(0,i)(0,0)(g,0)(0,4x)(0,0)(2,0)
(ix,gx)(0,0)(0,0)(0,i)(4x,0)(0,0)(0,cx)(0,0)(ex,0)(0,ex)(0,0)(0,0)
(ix,gx)(0,0)(0,0)(0,i)(4x,0)(0,0)(0,cx)(0,0)(g,0)(0,c)(0,0)(0,0)
(ix,gx)(0,0)(0,0)(0,i)(4x,0)(0,0)(0,i)(0,0)(8,0)(0,ex)(0,0)(0,0)
(ix,gx)(0,0)(0,0)(0,i)(4x,0)(0,0)(0,i)(0,0)(g,0)(0,6x)(0,0)(0,0)
(ix,gx)(0,0)(0,0)(0,i)(4x,0)(0,0)(0,i)(0,0)(g,0)(0,4x)(0,0)(2,0)
(ix,gx)(0,0)(0,0)(0,ix)(4x,0)(0,0)(0,c)(0,0)(ex,0)(0,ex)(0,0)(0,0)
(ix,gx)(0,0)(0,0)(0,ix)(4x,0)(0,0)(0,c)(0,0)(g,0)(0,c)(0,0)(0,0)
(ix,gx)(0,0)(0,0)(0,ix)(4x,0)(0,0)(0,i)(0,0)(8x,0)(0,ex)(0,0)(0,0)
(ix,gx)(0,0)(0,0)(0,ix)(4x,0)(0,0)(0,i)(0,0)(g,0)(0,6)(0,0)(0,0)