#total=70036
(cx,cx)(0,4)(0,0)(2,c)(ix,0)(0,0)(4,ix)(0,0)(8,0)(0,6)(0,0)(0,0)
(6x,cx)(0,0)(0,0)(0,c)(cx,0)(0,0)(4,6x)(0,0)(g,0)(6,i)(0,4)(0,0)
(ax,ex)(0,0)(0,2)(0,c)(gx,0)(0,2)(0,6x)(2,0)(cx,0)(6,ex)(0,0)(0,0)
(8x,i)(0,4)(0,0)(2,6x)(gx,4)(0,0)(4,cx)(0,0)(ax,0)(0,cx)(0,0)(0,0)
(gx,4x)(0,0)(4,0)(0,ax)(cx,0)(0,2)(0,ax)(0,0)(ix,2)(0,c)(0,4)(2,0)
(ex,6)(0,0)(0,0)(2,8x)(g,0)(0,2)(0,ix)(2,4)(ix,0)(0,6)(0,0)(0,0)
(gx,c)(6,0)(0,2)(0,6x)(cx,0)(0,0)(4,ex)(0,0)(cx,2)(0,4x)(0,4)(2,0)
(2x,ex)(0,4)(0,0)(2,c)(gx,0)(0,2)(0,ix)(2,0)(ix,0)(0,4x)(0,0)(2,0)
(2x,ix)(0,4)(0,0)(0,i)(ax,0)(0,0)(0,2x)(2,0)(g,0)(6,i)(0,0)(0,0)
(g,6)(0,0)(0,0)(2,c)(gx,0)(0,2)(0,cx)(0,0)(ix,0)(0,cx)(0,0)(0,0)
(4x,cx)(0,0)(0,2)(0,cx)(6x,0)(0,2)(4,c)(0,4)(ix,0)(6,ex)(0,0)(0,0)
(ex,ix)(0,0)(0,0)(2,i)(2x,0)(0,2)(0,2x)(2,4)(ex,0)(6,cx)(0,0)(0,0)
(ix,c)(6,0)(0,0)(0,ax)(cx,0)(0,0)(0,ex)(0,0)(ex,0)(0,4x)(0,4)(2,0)
(2x,i)(0,4)(0,0)(2,8x)(gx,0)(0,2)(0,8x)(2,0)(ix,0)(0,cx)(4,0)(0,0)
(cx,ix)(0,0)(4,0)(0,8x)(ax,0)(0,0)(0,c)(2,0)(ex,0)(6,ax)(0,0)(0,0)
(ix,c)(0,0)(4,0)(0,ax)(ex,0)(0,0)(0,ax)(0,0)(ex,0)(0,ax)(0,0)(2,2)
(gx,6)(0,0)(0,0)(2,8x)(cx,4)(0,0)(0,8x)(2,0)(gx,2)(0,cx)(4,4)(0,0)
(8x,ex)(0,0)(0,0)(2,c)(cx,4)(0,0)(0,ix)(2,0)(8,0)(0,c)(0,4)(0,0)
(cx,cx)(0,4)(4,0)(0,ix)(ix,0)(0,0)(4,6)(0,0)(8x,0)(0,ax)(0,0)(0,0)
(ex,gx)(0,0)(4,2)(0,i)(2x,0)(0,2)(0,gx)(0,4)(cx,0)(0,6x)(0,0)(0,0)
(g,2x)(6,0)(0,2)(0,ix)(ex,0)(0,0)(0,6)(0,0)(cx,0)(0,i)(0,0)(0,2)
(6x,gx)(0,0)(0,0)(0,c)(ex,4)(0,0)(0,ax)(0,0)(gx,0)(0,ex)(0,0)(2,2)
(ex,ax)(0,0)(0,0)(2,cx)(4x,0)(6,0)(0,ix)(0,4)(8x,0)(6,c)(0,0)(0,0)
(ix,4x)(0,4)(4,0)(0,ax)(ix,0)(0,2)(0,cx)(0,0)(ix,0)(0,6)(0,0)(0,0)
(gx,6x)(0,0)(0,0)(2,i)(8,0)(0,0)(0,cx)(0,0)(ex,2)(0,i)(0,0)(0,0)
(2x,cx)(0,4)(0,0)(2,gx)(8x,4)(0,0)(4,c)(0,0)(gx,2)(0,cx)(0,0)(2,0)
(g,4x)(0,4)(4,0)(0,ix)(ix,0)(0,0)(0,6)(0,0)(8x,0)(0,i)(0,0)(0,0)
(ax,ax)(0,0)(0,2)(0,cx)(ax,0)(6,2)(0,c)(0,0)(cx,0)(6,ex)(0,0)(0,0)
(ex,6x)(0,0)(0,2)(2,6x)(cx,0)(0,0)(4,6x)(0,4)(cx,0)(6,i)(0,4)(0,0)
(ax,i)(6,0)(0,2)(0,ex)(ex,0)(0,2)(0,2x)(2,0)(cx,0)(0,8x)(4,0)(0,2)
(8x,gx)(0,0)(0,0)(2,ex)(6x,4)(0,0)(0,c)(0,4)(ex,0)(0,cx)(4,0)(0,0)
(8x,cx)(0,0)(4,0)(0,ix)(gx,4)(0,0)(4,i)(0,0)(2x,0)(0,ax)(0,0)(0,0)
(gx,c)(0,0)(0,0)(0,ax)(ex,0)(0,0)(0,8x)(0,0)(g,2)(0,c)(4,0)(0,2)
(ex,gx)(0,0)(0,0)(0,2x)(ex,4)(0,0)(0,8x)(0,4)(gx,0)(0,c)(4,0)(0,2)
(8x,i)(0,4)(4,0)(0,ix)(ix,4)(0,0)(0,2x)(2,0)(6x,0)(0,ax)(0,0)(0,2)
(gx,6)(0,0)(4,0)(0,8x)(gx,0)(0,2)(0,gx)(2,0)(ix,2)(0,2x)(4,0)(0,0)
(gx,ax)(0,0)(4,0)(0,ex)(2x,0)(6,2)(0,gx)(0,0)(6x,2)(0,c)(4,0)(0,2)
(ex,8x)(0,0)(0,0)(0,6x)(cx,4)(0,0)(4,i)(0,4)(gx,0)(0,4x)(0,4)(2,0)
(2x,i)(6,4)(0,0)(0,i)(8,4)(0,0)(0,6x)(0,0)(gx,0)(6,8x)(0,0)(0,0)
(8x,i)(6,0)(0,0)(0,8x)(cx,4)(0,0)(0,ex)(2,0)(ex,0)(0,2x)(4,4)(0,0)
(gx,6x)(0,0)(0,0)(2,ix)(8,4)(0,0)(0,i)(0,0)(gx,2)(0,6)(0,0)(0,0)
(ex,ax)(0,4)(4,0)(0,6)(gx,0)(6,0)(0,gx)(0,4)(ax,0)(0,2x)(4,0)(0,0)
(8x,ax)(0,0)(4,0)(0,ex)(ax,4)(6,0)(0,gx)(0,0)(8x,0)(0,c)(4,0)(0,0)
(8,gx)(0,0)(0,0)(0,cx)(6x,0)(0,0)(0,c)(0,4)(ex,0)(6,i)(0,0)(0,0)
(ax,ix)(0,0)(0,0)(2,8x)(8x,0)(0,2)(0,i)(2,0)(8x,2)(6,cx)(0,0)(0,0)
(8x,cx)(0,0)(0,0)(0,ex)(cx,4)(0,0)(4,6)(0,0)(ex,0)(0,ex)(4,4)(0,0)
(ax,i)(0,0)(4,2)(0,cx)(gx,0)(0,2)(0,4x)(0,0)(cx,0)(6,ax)(0,0)(0,0)
(ix,c)(0,0)(4,0)(0,6x)(gx,0)(0,0)(4,gx)(0,0)(ex,0)(0,4x)(0,0)(2,0)
(ix,c)(6,0)(0,0)(0,cx)(8,0)(0,0)(0,ex)(0,0)(ex,0)(6,6)(0,0)(0,0)
(ex,ax)(6,0)(0,2)(0,6)(ex,0)(6,0)(0,ex)(0,4)(cx,0)(0,2x)(4,0)(0,2)
(6x,ax)(0,0)(4,0)(0,ex)(6x,4)(6,0)(0,gx)(0,4)(gx,0)(0,6)(4,0)(0,0)
(ex,gx)(0,0)(4,2)(0,i)(2x,0)(0,2)(0,gx)(0,4)(cx,0)(0,4x)(0,0)(2,0)
(4x,ex)(0,0)(0,2)(2,c)(g,0)(0,2)(0,ix)(2,0)(ix,0)(0,6)(0,0)(0,0)
(8x,i)(0,4)(4,0)(0,6x)(ix,4)(0,0)(4,ax)(0,0)(6x,0)(0,ax)(0,0)(2,2)
(8x,ax)(0,0)(0,0)(0,gx)(gx,4)(6,0)(0,i)(0,0)(2x,0)(0,ex)(0,0)(2,0)
(cx,cx)(0,0)(0,0)(0,cx)(cx,0)(0,0)(4,6)(0,0)(ex,0)(6,ex)(0,4)(0,0)
(ix,ex)(0,4)(0,0)(2,i)(2x,0)(0,2)(0,8x)(2,0)(ax,0)(0,cx)(4,0)(0,0)
(ax,gx)(0,4)(0,0)(0,c)(ix,0)(0,2)(0,c)(0,0)(8,0)(0,ex)(0,0)(0,0)
(ax,cx)(0,0)(4,0)(0,cx)(6x,0)(0,2)(4,c)(0,4)(ex,0)(6,ax)(0,0)(0,0)
(ex,ix)(0,0)(0,0)(0,ax)(2x,0)(0,2)(0,c)(0,4)(g,0)(6,c)(0,0)(0,0)
(ex,ex)(6,0)(0,2)(0,ex)(2x,0)(0,2)(0,c)(2,4)(cx,0)(0,8x)(4,0)(0,0)
(cx,ax)(0,0)(0,0)(2,cx)(cx,0)(6,0)(0,i)(0,0)(2x,0)(6,cx)(0,4)(0,0)
(cx,i)(0,0)(4,0)(0,ix)(gx,0)(0,0)(0,2x)(2,0)(ex,0)(0,ax)(0,0)(0,0)
(8,ex)(0,0)(0,0)(0,gx)(6x,4)(0,0)(0,i)(2,4)(gx,0)(0,6)(0,0)(2,0)
(4x,i)(0,0)(4,2)(0,i)(8,4)(0,0)(0,ax)(0,0)(gx,0)(0,ax)(0,0)(2,0)
(gx,2x)(6,4)(0,0)(0,6x)(ix,0)(0,2)(4,cx)(0,0)(ix,2)(0,6)(0,0)(0,0)
(ix,c)(0,0)(4,0)(0,i)(8,0)(0,0)(0,6x)(0,0)(ex,0)(6,ax)(0,0)(0,0)
(gx,2x)(6,0)(0,0)(0,6x)(cx,0)(0,0)(4,6x)(0,0)(ex,2)(6,i)(0,4)(0,0)
(ex,ix)(6,0)(0,0)(0,ax)(2x,0)(0,2)(0,c)(0,4)(ex,0)(6,8x)(0,0)(0,0)
(gx,c)(0,0)(0,0)(2,ax)(g,0)(0,0)(0,ix)(0,0)(6x,2)(0,c)(0,0)(0,2)
(4x,cx)(0,0)(4,2)(0,ex)(8x,0)(0,0)(4,gx)(0,0)(8x,2)(0,i)(4,0)(0,0)
(cx,ex)(0,0)(4,0)(0,c)(cx,0)(0,0)(0,gx)(2,0)(ex,0)(0,2x)(4,4)(0,0)
(ax,ex)(0,4)(0,0)(0,c)(ix,0)(0,2)(0,ax)(2,0)(8x,0)(0,ex)(0,0)(2,0)
(g,4x)(0,0)(4,0)(0,c)(gx,0)(0,2)(0,cx)(0,0)(ix,0)(0,c)(0,0)(0,0)
(gx,cx)(0,4)(4,0)(0,6)(ix,0)(0,0)(4,gx)(0,0)(8x,2)(0,2x)(4,0)(0,0)
(6x,cx)(0,0)(0,0)(2,cx)(ex,0)(0,0)(4,ix)(0,0)(2x,0)(6,i)(0,0)(0,2)
(2x,ex)(6,4)(0,0)(0,ex)(6x,4)(0,0)(0,ex)(2,4)(gx,0)(0,6)(4,0)(0,0)
(8,ix)(0,0)(0,2)(0,ax)(8x,0)(0,0)(0,c)(0,0)(cx,2)(6,i)(0,0)(0,0)
(gx,cx)(6,0)(0,2)(0,ix)(4x,0)(0,0)(4,ex)(0,0)(cx,2)(0,6)(0,0)(0,0)
(8x,ax)(0,4)(0,0)(0,c)(ix,4)(6,0)(0,6x)(0,0)(6x,0)(6,ex)(0,0)(0,2)
(gx,4x)(0,0)(4,2)(0,6x)(gx,0)(0,0)(4,6x)(0,0)(cx,2)(6,i)(0,0)(0,0)
(8x,ix)(0,0)(0,0)(0,ax)(gx,4)(0,0)(0,6)(0,0)(g,0)(6,c)(0,0)(0,0)
(8,ax)(0,0)(0,0)(0,c)(cx,0)(6,2)(0,6x)(0,0)(ix,0)(6,c)(0,4)(0,0)
(ax,cx)(0,0)(0,0)(2,cx)(6x,0)(0,2)(4,i)(0,4)(8x,0)(6,cx)(0,0)(0,0)
(2x,i)(0,4)(4,0)(0,8x)(ex,4)(0,0)(0,8x)(2,0)(gx,0)(0,ax)(4,0)(0,2)
(ix,8x)(0,0)(0,0)(0,ax)(gx,0)(0,2)(0,i)(0,0)(ix,0)(0,4x)(0,0)(2,0)
(gx,ax)(0,4)(4,0)(0,6)(ix,0)(6,0)(0,cx)(0,0)(8x,2)(0,ax)(0,0)(0,0)
(8x,gx)(0,0)(4,0)(0,ex)(6x,4)(0,0)(0,i)(0,4)(6x,0)(0,ax)(4,0)(0,2)
(ix,ax)(0,0)(0,2)(0,6)(ex,0)(6,0)(0,ax)(0,0)(cx,0)(0,ex)(0,0)(2,2)
(ex,6)(6,0)(0,0)(0,6x)(ex,0)(0,2)(4,ex)(0,4)(ix,0)(0,4x)(0,0)(2,2)
(gx,ex)(6,0)(0,0)(0,i)(2x,0)(0,2)(0,ex)(2,0)(8,2)(0,c)(0,0)(0,0)
(8,ix)(0,0)(0,0)(0,i)(6x,4)(0,0)(0,2x)(2,4)(gx,0)(6,c)(0,0)(0,0)
(gx,ix)(0,0)(0,0)(2,6)(8,0)(0,0)(0,ix)(0,0)(6x,2)(6,c)(0,0)(0,2)
(8x,ex)(0,0)(4,0)(0,cx)(6x,4)(0,0)(0,gx)(2,4)(8x,0)(6,c)(0,0)(0,0)
(ax,i)(0,0)(4,2)(0,ex)(gx,0)(0,2)(0,2x)(2,0)(cx,0)(0,ax)(4,0)(0,0)
(ix,4x)(0,0)(4,2)(0,ix)(cx,0)(0,0)(0,4x)(0,0)(cx,0)(0,i)(0,4)(0,0)
(4x,i)(0,0)(4,2)(0,8x)(gx,0)(0,2)(0,gx)(2,0)(ix,0)(0,4x)(0,0)(2,0)
(ix,c)(0,0)(0,0)(0,cx)(8,0)(0,0)(0,c)(0,0)(g,0)(6,c)(0,0)(0,0)
(ax,cx)(0,0)(0,0)(0,c)(cx,0)(0,2)(4,i)(0,0)(g,0)(0,4x)(0,4)(2,0)
(cx,cx)(6,0)(0,0)(0,c)(g,0)(0,0)(4,c)(0,0)(ex,0)(0,8x)(0,0)(0,0)
(gx,c)(0,0)(0,2)(2,i)(8,0)(0,0)(0,cx)(0,0)(cx,2)(0,cx)(0,0)(0,0)
(8x,ax)(0,0)(0,2)(2,c)(g,4)(6,0)(0,c)(0,0)(cx,0)(0,cx)(0,0)(0,0)
(ex,cx)(0,0)(0,0)(0,ex)(4x,0)(0,0)(4,i)(0,4)(6x,0)(0,ex)(4,0)(0,2)
(ex,gx)(0,0)(0,2)(2,6)(ex,0)(0,0)(0,ax)(0,4)(cx,0)(0,cx)(0,0)(2,2)
(8,cx)(0,0)(0,0)(0,gx)(8x,0)(0,0)(4,i)(0,0)(8x,2)(0,i)(0,0)(2,0)
(2x,cx)(0,4)(0,0)(0,cx)(ex,0)(0,2)(4,6)(0,0)(ix,0)(6,ex)(0,0)(0,2)
(ex,ax)(0,0)(0,0)(0,2x)(cx,0)(6,2)(0,i)(0,4)(ix,0)(0,4x)(0,4)(2,0)
(6x,i)(6,0)(0,0)(0,gx)(8,0)(0,0)(0,ex)(0,0)(8x,0)(0,i)(0,0)(2,0)
(g,4x)(0,0)(4,0)(0,gx)(8x,4)(0,0)(0,i)(0,0)(gx,2)(0,6)(0,0)(2,0)
(ix,2x)(6,0)(0,2)(0,8x)(cx,0)(0,0)(0,6x)(2,0)(cx,0)(6,i)(0,4)(0,0)
(gx,gx)(6,0)(0,0)(0,ex)(2x,0)(0,2)(0,ex)(0,0)(ex,2)(0,6)(4,0)(0,0)
(4x,i)(0,0)(0,2)(2,cx)(ex,0)(0,2)(0,4x)(0,0)(ix,0)(6,cx)(0,0)(0,2)
(ax,ax)(0,0)(0,0)(0,gx)(ex,0)(6,2)(0,6)(0,0)(g,0)(0,c)(0,0)(2,2)
(g,2x)(6,0)(0,0)(0,i)(ax,0)(0,0)(0,8x)(0,0)(ex,0)(0,i)(4,0)(0,0)
(cx,ax)(0,4)(4,0)(0,ix)(ix,0)(6,0)(0,c)(0,0)(2x,0)(0,ax)(0,0)(0,0)
(cx,i)(0,4)(4,0)(0,6x)(gx,0)(0,0)(4,gx)(0,0)(ax,0)(0,6x)(0,0)(0,0)
(4x,gx)(6,0)(0,2)(0,i)(ax,4)(0,0)(0,cx)(0,0)(gx,0)(0,8x)(0,0)(0,0)
(cx,ix)(0,0)(0,0)(2,c)(gx,0)(0,0)(0,2x)(2,0)(ex,0)(6,cx)(0,0)(0,0)
(g,ix)(0,0)(0,0)(2,6)(8x,0)(0,0)(0,c)(0,0)(ex,2)(6,cx)(0,0)(0,0)
(ix,ax)(6,0)(0,0)(0,cx)(4x,0)(6,0)(0,ex)(0,0)(6x,0)(6,c)(0,0)(0,2)
(gx,8x)(0,4)(0,0)(0,8x)(ix,0)(0,0)(0,cx)(2,0)(6x,2)(0,i)(0,0)(0,2)
(g,8x)(0,0)(0,0)(0,c)(gx,0)(0,2)(0,8x)(0,0)(ix,0)(0,c)(4,0)(0,0)
(cx,ex)(0,0)(0,0)(0,ex)(ax,0)(0,0)(0,i)(2,0)(g,0)(0,6)(4,0)(0,0)
(ex,c)(0,4)(0,0)(2,ix)(ix,0)(0,0)(0,4x)(0,4)(8x,0)(0,cx)(0,0)(0,0)
(ix,c)(0,0)(4,0)(0,cx)(cx,0)(0,0)(0,4x)(0,0)(ex,0)(6,ax)(0,4)(0,0)
(cx,ix)(0,4)(4,0)(0,c)(gx,0)(0,0)(0,2x)(2,0)(ax,0)(6,ax)(0,0)(0,0)
(ex,ax)(0,0)(0,0)(0,gx)(2x,0)(6,2)(0,i)(0,4)(6x,0)(0,ex)(0,0)(2,2)
(ex,ex)(0,4)(0,0)(0,2x)(ix,4)(0,0)(0,ax)(2,4)(gx,0)(0,6)(0,0)(2,0)
(ix,2x)(6,0)(0,0)(0,ax)(ex,0)(0,2)(0,i)(0,0)(ix,0)(0,4x)(0,0)(2,2)
(gx,c)(0,4)(4,0)(0,8x)(ix,0)(0,0)(0,8x)(2,0)(8x,2)(0,ax)(4,0)(0,0)
(2x,i)(0,4)(4,0)(0,8x)(gx,4)(0,0)(0,gx)(2,0)(gx,0)(0,4x)(0,0)(2,0)
(ex,6x)(0,0)(0,0)(2,cx)(cx,0)(0,0)(0,2x)(2,4)(ex,0)(6,i)(0,4)(0,0)
(ex,8x)(0,0)(0,0)(0,ix)(cx,0)(0,2)(0,2x)(2,4)(ix,0)(0,c)(0,4)(0,0)
(ax,ax)(0,0)(4,0)(0,ex)(ax,0)(6,2)(0,c)(0,0)(ex,0)(0,ax)(4,0)(0,0)
(ex,c)(0,0)(0,2)(2,ax)(ex,0)(0,0)(0,ix)(0,4)(cx,0)(0,6x)(0,0)(0,2)
(2x,i)(0,4)(0,0)(0,i)(g,0)(0,2)(0,2x)(2,0)(ix,0)(0,ex)(0,0)(0,0)
(ex,gx)(0,0)(4,0)(0,ex)(2x,0)(0,2)(0,gx)(0,4)(6x,0)(0,c)(4,0)(0,2)
(ix,cx)(0,4)(0,0)(0,6)(g,0)(0,0)(4,c)(0,0)(ax,0)(0,ex)(0,0)(0,0)
(ix,ex)(6,0)(0,0)(0,cx)(4x,0)(0,0)(0,i)(2,0)(8x,0)(6,8x)(0,0)(0,0)
(ax,ix)(0,0)(0,0)(2,6x)(6x,0)(0,2)(4,i)(0,4)(6x,0)(6,cx)(0,0)(0,2)
(6x,ax)(6,0)(0,0)(0,ex)(6x,0)(6,0)(0,ex)(0,4)(8x,0)(0,i)(4,0)(0,0)
(g,8x)(0,0)(0,2)(0,ix)(8x,0)(0,0)(0,c)(0,0)(cx,2)(0,i)(0,0)(0,0)
(ax,i)(0,0)(0,0)(0,ex)(ex,0)(0,2)(0,4x)(0,0)(g,0)(0,c)(4,0)(0,2)
(2x,gx)(0,4)(4,0)(0,c)(ex,4)(0,0)(0,gx)(0,0)(gx,0)(0,4x)(0,0)(2,2)
(8x,gx)(0,4)(0,0)(0,ex)(ix,4)(0,0)(0,6)(0,0)(g,0)(0,6)(4,0)(0,0)
(ix,gx)(0,0)(0,0)(2,i)(2x,0)(0,2)(0,ix)(0,0)(ex,0)(0,2x)(4,0)(0,0)
(cx,cx)(6,0)(0,0)(0,c)(gx,0)(0,0)(4,ex)(0,0)(ex,0)(0,2x)(4,0)(0,0)
(ex,ax)(0,4)(4,0)(0,6)(gx,0)(6,0)(0,8x)(0,4)(ax,0)(0,ax)(4,0)(0,0)
(ax,i)(0,0)(0,0)(0,ex)(8,0)(0,2)(0,c)(0,0)(ex,0)(0,ex)(4,0)(0,0)
(4x,ax)(0,0)(4,2)(0,c)(cx,0)(6,2)(0,cx)(0,0)(ix,0)(0,ax)(0,4)(0,0)
(2x,i)(0,4)(0,0)(0,8x)(gx,0)(0,2)(0,cx)(2,0)(ix,0)(0,ex)(0,0)(0,0)
(8x,ix)(0,0)(0,0)(0,ax)(6x,4)(0,0)(0,i)(0,4)(g,0)(6,6)(0,0)(0,0)
(4x,gx)(0,0)(0,2)(2,c)(gx,0)(0,2)(0,ax)(0,0)(ix,0)(0,cx)(0,0)(2,0)
(cx,i)(0,0)(4,2)(0,6x)(ex,0)(0,0)(4,cx)(0,0)(cx,0)(0,ax)(0,0)(0,2)
(4x,i)(0,0)(0,2)(0,cx)(cx,0)(0,2)(0,2x)(2,0)(ix,0)(6,ex)(0,4)(0,0)
(6x,ex)(0,0)(4,0)(0,c)(cx,0)(0,2)(0,ax)(2,0)(ix,0)(0,ax)(0,4)(2,0)
(ax,cx)(0,4)(0,0)(2,i)(ax,0)(0,2)(4,8x)(0,0)(ax,0)(0,cx)(4,0)(0,0)
(8x,ex)(0,0)(0,0)(2,gx)(gx,4)(0,0)(0,i)(2,0)(2x,0)(0,cx)(0,0)(2,0)
(ax,gx)(6,0)(0,0)(0,ex)(ax,0)(0,2)(0,ex)(0,0)(6x,0)(0,c)(4,0)(0,2)
(ix,6x)(0,0)(0,0)(2,6x)(ex,4)(0,0)(4,cx)(0,0)(gx,0)(0,c)(0,0)(0,2)
(4x,ix)(0,0)(0,2)(2,6x)(gx,0)(0,0)(4,ix)(0,0)(2x,0)(6,i)(0,0)(0,0)
(cx,cx)(0,0)(0,0)(2,cx)(6x,0)(0,0)(4,i)(0,4)(8x,0)(6,cx)(0,0)(0,0)
(cx,i)(0,0)(4,0)(0,8x)(cx,0)(0,0)(0,6x)(2,0)(ex,0)(6,ax)(0,4)(0,0)
(cx,ix)(0,0)(0,0)(2,6x)(gx,0)(0,0)(4,i)(0,0)(2x,0)(6,cx)(0,0)(0,0)
(g,c)(0,4)(0,0)(0,ex)(ex,0)(0,0)(0,6)(0,0)(ax,0)(0,ex)(4,0)(0,2)
(gx,c)(0,0)(4,0)(0,cx)(8,0)(0,0)(0,i)(0,0)(8x,2)(6,ax)(0,0)(0,0)
(ex,ix)(6,0)(0,0)(0,6)(8,0)(0,0)(0,i)(0,4)(6x,0)(6,8x)(0,0)(0,2)
(ix,ex)(6,0)(0,0)(0,6)(gx,0)(0,0)(0,ax)(2,0)(ex,0)(0,8x)(0,0)(2,0)
(g,2x)(6,0)(0,0)(0,gx)(gx,0)(0,0)(0,i)(0,0)(2x,0)(0,i)(0,0)(2,0)
(8,ax)(0,4)(0,0)(0,i)(ix,0)(6,0)(0,6)(0,0)(8,0)(0,i)(0,0)(0,0)
(8x,gx)(0,0)(0,0)(0,c)(ex,4)(0,0)(0,8x)(0,0)(ex,0)(0,ex)(4,0)(0,2)
(8x,ex)(0,4)(4,0)(0,i)(ix,4)(0,0)(0,ax)(2,0)(2x,0)(0,ax)(0,0)(2,0)
(6x,ax)(6,0)(0,0)(0,c)(g,4)(6,0)(0,ex)(0,0)(gx,0)(0,6)(0,0)(0,0)
(gx,6)(6,0)(0,0)(0,ax)(cx,4)(0,0)(0,ex)(0,0)(gx,2)(0,4x)(0,4)(2,0)
(ax,cx)(6,0)(0,0)(0,ix)(6x,0)(0,2)(4,i)(0,4)(6x,0)(0,8x)(0,0)(0,2)
(ix,6)(0,0)(4,0)(0,8x)(g,0)(0,0)(0,gx)(2,0)(8x,0)(0,i)(0,0)(0,0)
(gx,6x)(0,0)(0,0)(2,ex)(cx,0)(0,0)(0,4x)(0,0)(ex,2)(0,i)(4,4)(0,0)
(8,ix)(0,0)(0,0)(0,c)(gx,0)(0,2)(0,4x)(0,0)(ix,0)(6,c)(0,0)(0,0)
(ix,ax)(6,0)(0,2)(0,6)(gx,0)(6,0)(0,ex)(0,0)(cx,0)(0,4x)(0,0)(2,0)
(4x,ex)(0,0)(0,2)(2,i)(8x,0)(0,2)(0,ix)(2,0)(ix,2)(0,2x)(4,0)(0,0)
(g,i)(0,0)(4,0)(0,6)(gx,0)(0,0)(0,6x)(0,0)(ex,0)(6,ax)(0,0)(0,0)
(ix,6)(0,0)(4,0)(0,8x)(ex,4)(0,0)(0,gx)(2,0)(gx,0)(0,2x)(4,0)(0,2)
(ix,6x)(0,0)(0,0)(2,6x)(cx,0)(0,0)(4,ax)(0,0)(ex,0)(0,i)(0,4)(2,0)
(cx,ex)(0,0)(0,0)(2,ex)(cx,0)(0,0)(0,6)(2,0)(ex,0)(0,cx)(4,4)(0,0)
(2x,ax)(0,4)(0,0)(2,c)(gx,0)(6,2)(0,ix)(0,0)(ix,0)(0,4x)(0,0)(2,0)
(8x,gx)(0,0)(0,2)(0,ix)(cx,4)(0,0)(0,6)(0,0)(cx,0)(0,ex)(0,4)(0,0)
(8x,ix)(0,0)(4,0)(0,8x)(ax,4)(0,0)(0,gx)(2,0)(ex,0)(6,6)(0,0)(0,0)
(4x,cx)(0,0)(4,2)(0,i)(8x,4)(0,0)(4,gx)(0,0)(gx,2)(0,6x)(0,0)(0,0)
(ix,gx)(0,4)(0,0)(2,6)(ex,0)(0,0)(0,cx)(0,0)(ax,0)(0,cx)(0,0)(0,2)
(ex,ex)(0,0)(0,0)(0,6)(cx,0)(0,0)(0,8x)(2,4)(ex,0)(0,ex)(4,4)(0,0)
(ax,ax)(0,0)(0,2)(2,c)(gx,0)(6,2)(0,6x)(0,0)(cx,0)(6,cx)(0,0)(0,0)
(8x,ex)(0,0)(0,0)(0,gx)(6x,4)(0,0)(0,i)(2,4)(8x,0)(0,ex)(0,0)(2,0)
(ex,8x)(0,0)(0,2)(0,8x)(ex,0)(0,0)(0,8x)(2,4)(cx,0)(0,i)(4,0)(0,2)
(cx,i)(0,0)(4,0)(0,6x)(gx,0)(0,0)(4,gx)(0,0)(ex,0)(0,6x)(0,0)(0,0)
(2x,cx)(0,4)(0,0)(0,ix)(gx,0)(0,2)(4,6)(0,0)(ix,0)(0,ex)(0,0)(0,0)
(ex,cx)(0,0)(0,0)(0,gx)(4x,0)(0,0)(4,c)(0,4)(ex,0)(0,ex)(0,0)(2,0)
(ix,cx)(0,0)(4,0)(0,ex)(4x,0)(0,0)(4,gx)(0,0)(6x,0)(0,c)(4,0)(0,2)
(ix,cx)(0,0)(0,0)(2,ix)(2x,0)(0,2)(4,ix)(0,0)(8x,0)(0,c)(0,0)(0,0)
(gx,ex)(0,0)(4,0)(0,cx)(4x,0)(0,0)(0,c)(2,0)(ex,2)(6,ax)(0,0)(0,0)
(cx,ax)(0,4)(0,0)(0,ix)(ix,0)(6,0)(0,6)(0,0)(8x,0)(0,ex)(0,0)(0,0)