#total=24692
(u,g)(8,6)(0,0)(0,0)(0,cx)(8x,0)(0,0)(0,0)(0,ox)(0,6)(cx,0)(0,0)(0,g)(0,0)(0,0)(cx,0)(0,ax)(0,0)(0,0)(0,0)
(ax,wx)(8,6)(0,0)(0,0)(0,gx)(a,6)(0,0)(0,0)(0,8)(0,0)(cx,0)(0,0)(6,g)(0,0)(0,0)(cx,0)(8,ax)(0,0)(0,0)(0,0)
(k,g)(8,6)(0,0)(0,0)(0,o)(ex,0)(0,0)(0,0)(0,ex)(0,0)(kx,0)(0,0)(0,gx)(0,0)(0,0)(cx,0)(0,ax)(0,0)(0,0)(0,0)
(ax,kx)(8,6)(0,0)(0,0)(0,yx)(8x,6)(0,0)(0,0)(0,ex)(0,6)(cx,0)(0,0)(0,ax)(0,0)(0,0)(cx,0)(0,8)(6,0)(0,0)(0,0)
(qx,ex)(8,6)(0,0)(0,0)(0,g)(6x,0)(0,0)(6,0)(0,gx)(0,0)(a,0)(0,0)(0,g)(0,6)(0,0)(cx,0)(8,ax)(0,0)(0,0)(0,0)
(ax,cx)(8,6)(0,0)(0,0)(0,ex)(mx,6)(8,0)(0,0)(0,8)(0,0)(ex,0)(8,0)(0,ix)(0,0)(0,0)(cx,0)(0,8x)(0,6)(0,0)(0,0)
(ax,kx)(8,6)(0,0)(0,0)(0,o)(8x,6)(0,0)(0,0)(0,8x)(0,6)(mx,0)(0,0)(6,ax)(0,0)(0,0)(ax,0)(0,ax)(6,0)(0,0)(0,0)
(ox,ex)(8,6)(0,0)(0,0)(0,w)(6x,0)(0,0)(6,0)(0,g)(0,0)(a,0)(0,0)(0,gx)(0,0)(0,0)(cx,0)(0,ax)(0,0)(0,0)(0,0)
(ix,ex)(8,6)(0,0)(0,0)(0,8)(u,0)(0,0)(6,0)(0,o)(0,6)(a,0)(0,0)(0,8)(0,0)(0,0)(cx,0)(0,ax)(0,0)(0,0)(0,0)
(gx,ux)(8,6)(0,0)(0,0)(0,cx)(ex,0)(0,0)(0,0)(0,qx)(0,0)(mx,0)(0,0)(0,8)(0,0)(0,0)(ax,0)(0,8x)(0,0)(0,0)(0,0)
(ax,ex)(8,6)(0,0)(0,0)(0,ox)(8x,6)(0,0)(6,0)(0,o)(0,6)(a,0)(0,0)(0,8)(0,0)(0,0)(cx,0)(8,ax)(0,0)(0,0)(0,0)
(ax,kx)(8,6)(0,0)(0,0)(0,g)(mx,6)(0,0)(0,0)(0,8x)(0,0)(mx,0)(0,0)(6,ax)(0,0)(0,0)(ax,0)(0,ax)(6,0)(0,0)(0,0)
(wx,kx)(8,6)(0,0)(0,0)(0,g)(6x,0)(0,0)(0,0)(0,8x)(0,0)(ex,0)(0,0)(6,gx)(0,0)(0,0)(cx,0)(0,ax)(0,6)(0,0)(0,0)
(yx,cx)(8,6)(0,0)(0,0)(0,g)(6x,0)(8,0)(0,0)(0,g)(0,0)(mx,0)(0,0)(0,6x)(0,0)(0,0)(a,0)(0,ax)(0,6)(0,0)(0,0)
(gx,cx)(8,6)(0,0)(0,0)(0,mx)(ex,0)(8,0)(0,0)(0,ox)(0,0)(cx,0)(0,0)(0,g)(0,0)(0,0)(cx,0)(0,ax)(0,0)(0,0)(0,0)
(wx,kx)(8,6)(0,0)(0,0)(0,8)(ex,0)(0,0)(0,0)(0,gx)(0,0)(mx,0)(0,0)(0,6x)(0,0)(0,0)(ax,0)(8,ax)(0,0)(0,0)(0,0)
(k,g)(8,6)(0,0)(0,0)(0,g)(u,0)(0,0)(0,0)(0,ex)(0,0)(cx,0)(0,0)(0,g)(0,0)(0,0)(cx,0)(0,ax)(0,0)(0,0)(0,0)
(qx,kx)(8,6)(0,0)(0,0)(0,g)(6x,0)(0,0)(0,0)(0,ox)(0,0)(ex,0)(0,0)(0,6x)(0,6)(0,0)(cx,0)(0,ax)(0,6)(0,0)(0,0)
(ox,g)(8,6)(0,0)(0,0)(0,cx)(gx,0)(0,0)(0,0)(0,ex)(0,0)(k,0)(0,0)(0,g)(0,6)(0,0)(cx,0)(0,ax)(0,0)(0,0)(0,0)
(ax,ox)(8,6)(0,0)(0,0)(0,cx)(8x,6)(0,0)(0,0)(0,g)(0,6)(kx,0)(0,0)(6,8x)(0,0)(0,0)(cx,0)(8,ax)(0,0)(0,0)(0,0)
(ax,ex)(8,6)(0,0)(0,0)(0,g)(mx,6)(0,0)(6,0)(0,gx)(0,0)(a,0)(0,0)(0,g)(0,0)(0,0)(cx,0)(8,ax)(0,0)(0,0)(0,0)
(k,ox)(8,6)(0,0)(0,0)(0,g)(6x,0)(0,0)(0,0)(0,qx)(0,0)(k,0)(0,0)(6,8)(0,0)(0,0)(cx,0)(0,8)(0,0)(0,0)(0,0)
(k,mx)(8,6)(0,0)(0,0)(0,o)(6x,0)(0,0)(0,0)(0,8)(0,0)(mx,0)(8,0)(0,ix)(0,0)(0,0)(ax,0)(0,8x)(0,0)(0,0)(0,0)
(ax,kx)(8,6)(0,0)(0,0)(0,mx)(u,6)(0,0)(0,0)(0,8)(0,0)(mx,0)(0,0)(0,8)(0,0)(0,0)(ax,0)(0,ax)(0,0)(0,0)(0,0)
(wx,mx)(8,6)(0,0)(0,0)(0,cx)(6x,0)(0,0)(0,0)(0,8)(0,0)(mx,0)(8,0)(0,g)(0,0)(0,0)(a,0)(0,ax)(0,0)(0,0)(0,0)
(ox,g)(8,6)(0,0)(0,0)(0,qx)(a,0)(0,0)(0,0)(0,g)(0,0)(mx,0)(0,0)(0,6x)(0,0)(0,0)(ax,0)(0,ax)(6,0)(0,0)(0,0)
(gx,kx)(8,6)(0,0)(0,0)(0,wx)(wx,0)(0,0)(0,0)(0,8)(0,0)(cx,0)(0,0)(0,6x)(0,0)(0,0)(ax,0)(0,ax)(0,0)(0,0)(0,0)
(gx,kx)(8,6)(0,0)(0,0)(0,gx)(gx,0)(0,0)(0,0)(0,8)(0,0)(mx,0)(0,0)(6,ix)(0,6)(0,0)(ax,0)(0,8x)(0,0)(0,0)(0,0)
(ax,cx)(8,6)(0,0)(0,0)(0,yx)(ox,6)(8,0)(0,0)(0,8)(0,0)(a,0)(0,0)(0,8)(0,0)(0,0)(cx,0)(0,8x)(0,6)(0,0)(0,0)
(ix,kx)(8,6)(0,0)(0,0)(0,mx)(6x,0)(0,0)(0,0)(0,ix)(0,6)(mx,0)(0,0)(0,8)(0,0)(0,0)(ax,0)(0,ax)(6,0)(0,0)(0,0)
(ax,w)(8,6)(0,0)(0,0)(0,cx)(wx,6)(0,0)(0,0)(0,8)(0,0)(a,0)(0,0)(0,ix)(0,0)(0,0)(ax,0)(0,8x)(0,0)(0,0)(0,0)
(gx,w)(8,6)(0,0)(0,0)(0,cx)(8x,0)(0,0)(0,0)(0,o)(0,6)(a,0)(0,0)(0,ax)(0,0)(0,0)(cx,0)(0,ax)(6,0)(0,0)(0,0)
(qx,g)(8,6)(0,0)(0,0)(0,ex)(a,0)(0,0)(0,0)(0,8)(0,0)(mx,0)(8,0)(0,ix)(0,6)(0,0)(a,0)(0,8)(0,0)(0,0)(0,0)
(wx,g)(8,6)(0,0)(0,0)(0,g)(a,0)(0,0)(0,0)(0,ex)(0,0)(mx,0)(0,0)(0,gx)(0,0)(0,0)(ax,0)(0,ax)(0,0)(0,0)(0,0)
(k,w)(8,6)(0,0)(0,0)(0,g)(6x,0)(0,0)(0,0)(0,qx)(0,0)(a,0)(0,0)(0,g)(0,0)(0,0)(cx,0)(0,8x)(0,0)(0,0)(0,0)
(ax,mx)(8,6)(0,0)(0,0)(0,g)(a,6)(0,0)(0,0)(0,g)(0,0)(ex,0)(8,0)(0,ix)(0,0)(0,0)(cx,0)(0,8x)(0,6)(0,0)(0,0)
(gx,ex)(8,6)(0,0)(0,0)(0,g)(gx,0)(0,0)(6,0)(0,8x)(0,0)(kx,0)(0,0)(6,8x)(0,6)(0,0)(cx,0)(8,ax)(0,0)(0,0)(0,0)
(k,g)(8,6)(0,0)(0,0)(0,w)(8x,0)(0,0)(0,0)(0,g)(0,6)(k,0)(0,0)(0,6x)(0,0)(0,0)(cx,0)(0,ax)(0,0)(0,0)(0,0)
(gx,ex)(8,6)(0,0)(0,0)(0,o)(ex,0)(0,0)(6,0)(0,ex)(0,0)(mx,0)(0,0)(0,8x)(0,0)(0,0)(ax,0)(8,ax)(0,0)(0,0)(0,0)
(ax,wx)(8,6)(0,0)(0,0)(0,g)(a,6)(0,0)(0,0)(0,ex)(0,0)(mx,0)(0,0)(0,8)(0,0)(0,0)(ax,0)(8,ax)(0,0)(0,0)(0,0)
(yx,cx)(8,6)(0,0)(0,0)(0,8)(8x,0)(8,0)(0,0)(0,gx)(0,6)(cx,0)(0,0)(0,6x)(0,0)(0,0)(cx,0)(8,ax)(0,6)(0,0)(0,0)
(ax,ex)(8,6)(0,0)(0,0)(0,mx)(u,6)(0,0)(6,0)(0,8)(0,0)(cx,0)(0,0)(0,g)(0,0)(0,0)(cx,0)(0,ax)(0,0)(0,0)(0,0)
(u,w)(8,6)(0,0)(0,0)(0,8)(a,0)(0,0)(0,0)(0,8)(0,0)(ex,0)(0,0)(0,8x)(0,0)(0,0)(cx,0)(8,ax)(0,6)(0,0)(0,0)
(qx,kx)(8,6)(0,0)(0,0)(0,8)(k,0)(0,0)(0,0)(0,8)(0,0)(k,0)(0,0)(0,ix)(0,6)(0,0)(cx,0)(0,8)(0,0)(0,0)(0,0)
(ox,ex)(8,6)(0,0)(0,0)(0,8)(gx,0)(0,0)(6,0)(0,o)(0,0)(k,0)(0,0)(0,6x)(0,6)(0,0)(cx,0)(0,ax)(0,0)(0,0)(0,0)
(wx,ux)(8,6)(0,0)(0,0)(0,8)(a,0)(0,0)(0,0)(0,8)(0,0)(kx,0)(0,0)(0,ax)(0,0)(0,0)(cx,0)(0,ax)(6,0)(0,0)(0,0)
(gx,ex)(8,6)(0,0)(0,0)(0,gx)(gx,0)(0,0)(6,0)(0,8)(0,0)(ex,0)(0,0)(6,ix)(0,6)(0,0)(cx,0)(0,8x)(0,6)(0,0)(0,0)
(ax,cx)(8,6)(0,0)(0,0)(0,mx)(mx,6)(8,0)(0,0)(0,8)(0,0)(ex,0)(0,0)(0,8x)(0,0)(0,0)(cx,0)(8,ax)(0,6)(0,0)(0,0)
(ix,mx)(8,6)(0,0)(0,0)(0,8)(a,0)(0,0)(0,0)(0,g)(0,6)(kx,0)(8,0)(0,gx)(0,0)(0,0)(cx,0)(0,ax)(0,0)(0,0)(0,0)
(ax,ox)(8,6)(0,0)(0,0)(0,cx)(u,6)(0,0)(0,0)(0,8)(0,0)(cx,0)(0,0)(6,ix)(0,0)(0,0)(cx,0)(0,8)(0,0)(0,0)(0,0)
(ox,g)(8,6)(0,0)(0,0)(0,yx)(a,0)(0,0)(0,0)(0,ox)(0,0)(a,0)(0,0)(0,8)(0,0)(0,0)(cx,0)(0,8)(0,0)(0,0)(0,0)
(qx,kx)(8,6)(0,0)(0,0)(0,mx)(6x,0)(0,0)(0,0)(0,8)(0,0)(kx,0)(0,0)(0,ix)(0,6)(0,0)(cx,0)(0,8x)(0,0)(0,0)(0,0)
(ox,cx)(8,6)(0,0)(0,0)(0,8)(k,0)(8,0)(0,0)(0,g)(0,0)(ex,0)(0,0)(0,ix)(0,0)(0,0)(cx,0)(0,8x)(0,6)(0,0)(0,0)
(ax,cx)(8,6)(0,0)(0,0)(0,ex)(8x,6)(8,0)(0,0)(0,qx)(0,6)(cx,0)(8,0)(0,ax)(0,0)(0,0)(cx,0)(0,8)(6,0)(0,0)(0,0)
(ax,yx)(8,6)(0,0)(0,0)(0,gx)(a,6)(0,0)(0,0)(0,8)(0,0)(cx,0)(0,0)(6,g)(0,0)(0,0)(cx,0)(0,ax)(6,0)(0,0)(0,0)
(ax,o)(8,6)(0,0)(0,0)(0,cx)(wx,6)(0,0)(0,0)(0,ex)(0,0)(ex,0)(0,0)(0,8)(0,0)(0,0)(a,0)(0,ax)(0,6)(0,0)(0,0)
(ix,kx)(8,6)(0,0)(0,0)(0,ex)(6x,0)(0,0)(0,0)(0,gx)(0,6)(mx,0)(8,0)(0,8)(0,0)(0,0)(ax,0)(8,ax)(0,0)(0,0)(0,0)
(qx,kx)(8,6)(0,0)(0,0)(0,8)(ex,0)(0,0)(0,0)(0,ex)(0,0)(mx,0)(0,0)(0,g)(0,6)(0,0)(a,0)(0,ax)(0,0)(0,0)(0,0)
(ax,cx)(8,6)(0,0)(0,0)(0,wx)(8x,6)(8,0)(0,0)(0,ex)(0,6)(mx,0)(0,0)(0,8)(0,0)(0,0)(ax,0)(0,ax)(0,0)(0,0)(0,0)
(ax,ex)(8,6)(0,0)(0,0)(0,ex)(ox,6)(0,0)(6,0)(0,8)(0,0)(k,0)(8,0)(0,8)(0,0)(0,0)(cx,0)(0,ax)(0,6)(0,0)(0,0)
(gx,ex)(8,6)(0,0)(0,0)(0,o)(ex,0)(0,0)(6,0)(0,8x)(0,0)(mx,0)(0,0)(6,ix)(0,0)(0,0)(ax,0)(0,8x)(0,0)(0,0)(0,0)
(k,ox)(8,6)(0,0)(0,0)(0,8)(u,0)(0,0)(0,0)(0,8)(0,0)(mx,0)(0,0)(6,8)(0,0)(0,0)(ax,0)(0,ax)(0,0)(0,0)(0,0)
(u,cx)(8,6)(0,0)(0,0)(0,8)(ex,0)(8,0)(0,0)(0,g)(0,0)(kx,0)(0,0)(0,ix)(0,0)(0,0)(cx,0)(0,8x)(0,0)(0,0)(0,0)
(wx,g)(8,6)(0,0)(0,0)(0,cx)(ex,0)(0,0)(0,0)(0,qx)(0,0)(a,0)(0,0)(0,gx)(0,0)(0,0)(cx,0)(0,8)(0,0)(0,0)(0,0)
(qx,ex)(8,6)(0,0)(0,0)(0,ox)(6x,0)(0,0)(6,0)(0,8)(0,0)(a,0)(0,0)(0,g)(0,6)(0,0)(cx,0)(8,ax)(0,0)(0,0)(0,0)
(qx,kx)(8,6)(0,0)(0,0)(0,8)(8x,0)(0,0)(0,0)(0,o)(0,6)(a,0)(0,0)(0,ix)(0,6)(0,0)(cx,0)(0,8x)(0,0)(0,0)(0,0)
(ox,kx)(8,6)(0,0)(0,0)(0,mx)(6x,0)(0,0)(0,0)(0,o)(0,0)(cx,0)(0,0)(0,8x)(0,0)(0,0)(cx,0)(8,ax)(0,0)(0,0)(0,0)
(ax,mx)(8,6)(0,0)(0,0)(0,cx)(mx,6)(0,0)(0,0)(0,8)(0,0)(mx,0)(8,0)(0,ax)(0,0)(0,0)(ax,0)(0,ax)(6,0)(0,0)(0,0)
(ax,cx)(8,6)(0,0)(0,0)(0,g)(mx,6)(8,0)(0,0)(0,ex)(0,0)(kx,0)(0,0)(0,8x)(0,0)(0,0)(cx,0)(8,ax)(0,0)(0,0)(0,0)
(k,o)(8,6)(0,0)(0,0)(0,8)(mx,0)(0,0)(0,0)(0,o)(0,0)(a,0)(0,0)(0,ax)(0,0)(0,0)(cx,0)(0,ax)(6,0)(0,0)(0,0)
(ox,ex)(8,6)(0,0)(0,0)(0,gx)(6x,0)(0,0)(6,0)(0,ix)(0,0)(kx,0)(0,0)(6,8)(0,0)(0,0)(cx,0)(0,ax)(6,0)(0,0)(0,0)
(yx,o)(8,6)(0,0)(0,0)(0,cx)(6x,0)(0,0)(0,0)(0,qx)(0,0)(a,0)(0,0)(0,8)(0,0)(0,0)(cx,0)(0,8x)(0,6)(0,0)(0,0)
(ax,cx)(8,6)(0,0)(0,0)(0,g)(k,6)(8,0)(0,0)(0,qx)(0,0)(mx,0)(0,0)(0,8)(0,0)(0,0)(ax,0)(0,8x)(0,0)(0,0)(0,0)
(ax,w)(8,6)(0,0)(0,0)(0,g)(a,6)(0,0)(0,0)(0,8x)(0,0)(kx,0)(0,0)(6,ix)(0,0)(0,0)(cx,0)(0,8x)(0,0)(0,0)(0,0)
(wx,o)(8,6)(0,0)(0,0)(0,8)(a,0)(0,0)(0,0)(0,8x)(0,0)(mx,0)(0,0)(6,ix)(0,0)(0,0)(ax,0)(0,8x)(0,0)(0,0)(0,0)
(gx,o)(8,6)(0,0)(0,0)(0,cx)(k,0)(0,0)(0,0)(0,gx)(0,0)(kx,0)(0,0)(0,8)(0,0)(0,0)(cx,0)(8,ax)(0,0)(0,0)(0,0)
(ox,g)(8,6)(0,0)(0,0)(0,cx)(u,0)(0,0)(0,0)(0,ex)(0,0)(ex,0)(0,0)(0,8)(0,0)(0,0)(cx,0)(0,ax)(0,6)(0,0)(0,0)
(gx,ox)(8,6)(0,0)(0,0)(0,o)(a,0)(0,0)(0,0)(0,8)(0,0)(k,0)(0,0)(6,ix)(0,0)(0,0)(cx,0)(0,8)(0,0)(0,0)(0,0)
(gx,w)(8,6)(0,0)(0,0)(0,g)(a,0)(0,0)(0,0)(0,qx)(0,0)(ex,0)(0,0)(0,6x)(0,0)(0,0)(cx,0)(0,8x)(0,6)(0,0)(0,0)
(gx,ux)(8,6)(0,0)(0,0)(0,cx)(gx,0)(0,0)(0,0)(0,8)(0,0)(mx,0)(0,0)(0,ix)(0,6)(0,0)(a,0)(0,8)(0,0)(0,0)(0,0)
(wx,kx)(8,6)(0,0)(0,0)(0,qx)(6x,0)(0,0)(0,0)(0,8)(0,0)(kx,0)(0,0)(0,6x)(0,0)(0,0)(cx,0)(0,ax)(6,0)(0,0)(0,0)
(ox,cx)(8,6)(0,0)(0,0)(0,ex)(6x,0)(8,0)(0,0)(0,o)(0,0)(cx,0)(8,0)(0,8x)(0,0)(0,0)(cx,0)(8,ax)(0,0)(0,0)(0,0)
(gx,ex)(8,6)(0,0)(0,0)(0,mx)(ex,0)(0,0)(6,0)(0,g)(0,0)(ex,0)(0,0)(0,ix)(0,0)(0,0)(cx,0)(0,8x)(0,6)(0,0)(0,0)
(gx,cx)(8,6)(0,0)(0,0)(0,gx)(mx,0)(8,0)(0,0)(0,8)(0,0)(k,0)(0,0)(6,g)(0,0)(0,0)(cx,0)(0,ax)(0,0)(0,0)(0,0)
(qx,kx)(8,6)(0,0)(0,0)(0,g)(6x,0)(0,0)(0,0)(0,qx)(0,0)(mx,0)(0,0)(0,6x)(0,6)(0,0)(ax,0)(0,8x)(0,0)(0,0)(0,0)
(gx,kx)(8,6)(0,0)(0,0)(0,qx)(gx,0)(0,0)(0,0)(0,8)(0,0)(mx,0)(0,0)(0,6x)(0,6)(0,0)(ax,0)(0,ax)(6,0)(0,0)(0,0)
(k,g)(8,6)(0,0)(0,0)(0,g)(mx,0)(0,0)(0,0)(0,8x)(0,0)(ex,0)(0,0)(6,ix)(0,0)(0,0)(cx,0)(0,8x)(0,6)(0,0)(0,0)
(yx,ex)(8,6)(0,0)(0,0)(0,g)(6x,0)(0,0)(6,0)(0,gx)(0,0)(cx,0)(0,0)(0,6x)(0,0)(0,0)(cx,0)(8,ax)(0,6)(0,0)(0,0)
(ix,kx)(8,6)(0,0)(0,0)(0,mx)(6x,0)(0,0)(0,0)(0,g)(0,6)(ex,0)(0,0)(0,8x)(0,0)(0,0)(cx,0)(8,ax)(0,6)(0,0)(0,0)
(ox,g)(8,6)(0,0)(0,0)(0,cx)(mx,0)(0,0)(0,0)(0,o)(0,0)(a,0)(0,0)(0,ix)(0,0)(0,0)(cx,0)(0,8x)(0,0)(0,0)(0,0)
(k,g)(8,6)(0,0)(0,0)(0,o)(8x,0)(0,0)(0,0)(0,qx)(0,6)(k,0)(0,0)(0,6x)(0,0)(0,0)(cx,0)(0,8)(0,0)(0,0)(0,0)
(gx,kx)(8,6)(0,0)(0,0)(0,w)(8x,0)(0,0)(0,0)(0,ex)(0,6)(cx,0)(0,0)(0,ix)(0,0)(0,0)(cx,0)(0,8x)(0,0)(0,0)(0,0)
(ax,ex)(8,6)(0,0)(0,0)(0,g)(k,6)(0,0)(6,0)(0,g)(0,0)(mx,0)(0,0)(0,g)(0,0)(0,0)(a,0)(0,ax)(0,0)(0,0)(0,0)
(gx,kx)(8,6)(0,0)(0,0)(0,g)(wx,0)(0,0)(0,0)(0,ex)(0,0)(k,0)(0,0)(0,8)(0,0)(0,0)(ax,0)(0,ax)(0,0)(0,0)(0,0)
(ix,kx)(8,6)(0,0)(0,0)(0,ox)(6x,0)(0,0)(0,0)(0,ex)(0,6)(kx,0)(0,0)(0,8)(0,0)(0,0)(cx,0)(8,ax)(0,0)(0,0)(0,0)
(ox,g)(8,6)(0,0)(0,0)(0,ex)(a,0)(0,0)(0,0)(0,gx)(0,0)(ex,0)(8,0)(0,8)(0,0)(0,0)(cx,0)(8,ax)(0,6)(0,0)(0,0)
(ix,kx)(8,6)(0,0)(0,0)(0,8)(gx,0)(0,0)(0,0)(0,8x)(0,6)(kx,0)(0,0)(6,8x)(0,6)(0,0)(cx,0)(8,ax)(0,0)(0,0)(0,0)
(qx,kx)(8,6)(0,0)(0,0)(0,8)(k,0)(0,0)(0,0)(0,8)(0,0)(ex,0)(0,0)(0,ax)(0,6)(0,0)(cx,0)(0,ax)(6,6)(0,0)(0,0)
(ax,kx)(8,6)(0,0)(0,0)(0,yx)(ex,6)(0,0)(0,0)(0,g)(0,0)(ex,0)(0,0)(0,6x)(0,0)(0,0)(cx,0)(0,8x)(0,6)(0,0)(0,0)
(qx,kx)(8,6)(0,0)(0,0)(0,8)(ex,0)(0,0)(0,0)(0,qx)(0,0)(a,0)(0,0)(0,8x)(0,6)(0,0)(cx,0)(8,8)(0,0)(0,0)(0,0)
(wx,o)(8,6)(0,0)(0,0)(0,8)(a,0)(0,0)(0,0)(0,8x)(0,0)(kx,0)(0,0)(6,8x)(0,0)(0,0)(cx,0)(8,ax)(0,0)(0,0)(0,0)
(ix,kx)(8,6)(0,0)(0,0)(0,o)(6x,0)(0,0)(0,0)(0,gx)(0,6)(ex,0)(0,0)(0,6x)(0,0)(0,0)(cx,0)(8,ax)(0,6)(0,0)(0,0)
(qx,o)(8,6)(0,0)(0,0)(0,8)(a,0)(0,0)(0,0)(0,ex)(0,0)(mx,0)(0,0)(0,gx)(0,6)(0,0)(ax,0)(0,ax)(0,0)(0,0)(0,0)
(wx,cx)(8,6)(0,0)(0,0)(0,ex)(6x,0)(8,0)(0,0)(0,8)(0,0)(mx,0)(8,0)(0,ix)(0,0)(0,0)(a,0)(0,8)(0,0)(0,0)(0,0)
(ax,o)(8,6)(0,0)(0,0)(0,yx)(a,6)(0,0)(0,0)(0,ex)(0,0)(cx,0)(0,0)(0,gx)(0,0)(0,0)(cx,0)(0,8)(0,0)(0,0)(0,0)
(k,ox)(8,6)(0,0)(0,0)(0,g)(6x,0)(0,0)(0,0)(0,ox)(0,0)(kx,0)(0,0)(6,8)(0,0)(0,0)(cx,0)(0,ax)(0,0)(0,0)(0,0)
(k,g)(8,6)(0,0)(0,0)(0,wx)(ex,0)(0,0)(0,0)(0,g)(0,0)(a,0)(0,0)(0,ix)(0,0)(0,0)(cx,0)(0,8)(0,0)(0,0)(0,0)
(ax,cx)(8,6)(0,0)(0,0)(0,g)(mx,6)(8,0)(0,0)(0,ex)(0,0)(kx,0)(0,0)(0,gx)(0,0)(0,0)(cx,0)(0,ax)(0,0)(0,0)(0,0)
(ix,kx)(8,6)(0,0)(0,0)(0,8)(mx,0)(0,0)(0,0)(0,ix)(0,6)(a,0)(0,0)(0,ix)(0,0)(0,0)(cx,0)(0,8)(6,0)(0,0)(0,0)
(ox,cx)(8,6)(0,0)(0,0)(0,ex)(6x,0)(8,0)(0,0)(0,gx)(0,0)(mx,0)(8,0)(0,8)(0,0)(0,0)(ax,0)(8,ax)(0,0)(0,0)(0,0)
(ox,g)(8,6)(0,0)(0,0)(0,ex)(a,0)(0,0)(0,0)(0,qx)(0,0)(kx,0)(8,0)(0,8)(0,0)(0,0)(cx,0)(0,8x)(0,0)(0,0)(0,0)
(k,g)(8,6)(0,0)(0,0)(0,g)(gx,0)(0,0)(0,0)(0,qx)(0,0)(a,0)(0,0)(0,g)(0,6)(0,0)(cx,0)(0,8x)(0,0)(0,0)(0,0)
(ix,g)(8,6)(0,0)(0,0)(0,cx)(ox,0)(0,0)(0,0)(0,ox)(0,6)(cx,0)(0,0)(0,6x)(0,0)(0,0)(cx,0)(0,ax)(0,6)(0,0)(0,0)
(ax,kx)(8,6)(0,0)(0,0)(0,mx)(8x,6)(0,0)(0,0)(0,g)(0,6)(mx,0)(0,0)(0,ax)(0,0)(0,0)(ax,0)(0,ax)(6,0)(0,0)(0,0)
(ix,cx)(8,6)(0,0)(0,0)(0,yx)(6x,0)(8,0)(0,0)(0,ex)(0,6)(cx,0)(0,0)(0,8x)(0,0)(0,0)(cx,0)(8,8)(0,0)(0,0)(0,0)
(k,o)(8,6)(0,0)(0,0)(0,8)(ux,0)(0,0)(0,0)(0,ix)(0,0)(cx,0)(0,0)(0,6x)(0,0)(0,0)(cx,0)(0,ax)(6,0)(0,0)(0,0)
(ax,kx)(8,6)(0,0)(0,0)(0,g)(ux,6)(0,0)(0,0)(0,gx)(0,0)(cx,0)(0,0)(0,6x)(0,0)(0,0)(cx,0)(8,ax)(0,0)(0,0)(0,0)
(gx,w)(8,6)(0,0)(0,0)(0,cx)(ex,0)(0,0)(0,0)(0,ex)(0,0)(kx,0)(0,0)(0,ix)(0,0)(0,0)(cx,0)(0,8x)(0,0)(0,0)(0,0)
(gx,ex)(8,6)(0,0)(0,0)(0,w)(k,0)(0,0)(6,0)(0,8)(0,0)(mx,0)(0,0)(0,8)(0,0)(0,0)(a,0)(0,ax)(0,0)(0,0)(0,0)
(ax,wx)(8,6)(0,0)(0,0)(0,g)(a,6)(0,0)(0,0)(0,ex)(0,0)(ex,0)(0,0)(0,8)(0,0)(0,0)(cx,0)(8,ax)(0,6)(0,0)(0,0)
(ax,kx)(8,6)(0,0)(0,0)(0,o)(8x,6)(0,0)(0,0)(0,8x)(0,6)(kx,0)(0,0)(6,ax)(0,0)(0,0)(cx,0)(0,ax)(6,0)(0,0)(0,0)
(ix,cx)(8,6)(0,0)(0,0)(0,8)(ox,0)(8,0)(0,0)(0,qx)(0,6)(cx,0)(0,0)(0,6x)(0,0)(0,0)(cx,0)(0,8x)(0,6)(0,0)(0,0)
(ix,ux)(8,6)(0,0)(0,0)(0,cx)(6x,0)(0,0)(0,0)(0,o)(0,6)(cx,0)(0,0)(0,8x)(0,0)(0,0)(cx,0)(8,ax)(0,0)(0,0)(0,0)
(ax,cx)(8,6)(0,0)(0,0)(0,ex)(8x,6)(8,0)(0,0)(0,ix)(0,6)(ex,0)(8,0)(0,8)(0,0)(0,0)(cx,0)(0,ax)(6,6)(0,0)(0,0)
(k,wx)(8,6)(0,0)(0,0)(0,ex)(6x,0)(0,0)(0,0)(0,8)(0,0)(mx,0)(8,0)(0,8)(0,0)(0,0)(ax,0)(8,ax)(0,0)(0,0)(0,0)
(u,ex)(8,6)(0,0)(0,0)(0,o)(6x,0)(0,0)(6,0)(0,8)(0,0)(k,0)(0,0)(0,g)(0,0)(0,0)(cx,0)(0,ax)(0,0)(0,0)(0,0)
(wx,kx)(8,6)(0,0)(0,0)(0,ox)(6x,0)(0,0)(0,0)(0,8)(0,0)(ex,0)(0,0)(0,6x)(0,0)(0,0)(cx,0)(8,ax)(0,6)(0,0)(0,0)
(gx,o)(8,6)(0,0)(0,0)(0,cx)(mx,0)(0,0)(0,0)(0,8x)(0,0)(ex,0)(0,0)(6,ix)(0,0)(0,0)(cx,0)(0,8x)(0,6)(0,0)(0,0)
(qx,cx)(8,6)(0,0)(0,0)(0,8)(ex,0)(8,0)(0,0)(0,8x)(0,0)(ex,0)(0,0)(6,ix)(0,6)(0,0)(cx,0)(0,8x)(0,6)(0,0)(0,0)
(gx,kx)(8,6)(0,0)(0,0)(0,o)(wx,0)(0,0)(0,0)(0,8)(0,0)(a,0)(0,0)(0,ix)(0,0)(0,0)(a,0)(0,8)(0,0)(0,0)(0,0)
(ox,kx)(8,6)(0,0)(0,0)(0,ox)(6x,0)(0,0)(0,0)(0,8x)(0,0)(cx,0)(0,0)(6,g)(0,0)(0,0)(cx,0)(8,ax)(0,0)(0,0)(0,0)
(gx,ex)(8,6)(0,0)(0,0)(0,g)(u,0)(0,0)(6,0)(0,8x)(0,0)(cx,0)(0,0)(6,g)(0,0)(0,0)(cx,0)(0,ax)(0,0)(0,0)(0,0)
(ix,mx)(8,6)(0,0)(0,0)(0,cx)(6x,0)(0,0)(0,0)(0,qx)(0,6)(cx,0)(8,0)(0,8x)(0,0)(0,0)(cx,0)(8,8)(0,0)(0,0)(0,0)
(k,g)(8,6)(0,0)(0,0)(0,o)(ox,0)(0,0)(0,0)(0,8)(0,0)(a,0)(0,0)(0,gx)(0,0)(0,0)(cx,0)(0,ax)(0,6)(0,0)(0,0)
(gx,ex)(8,6)(0,0)(0,0)(0,ex)(u,0)(0,0)(6,0)(0,8)(0,0)(cx,0)(8,0)(0,g)(0,0)(0,0)(cx,0)(0,ax)(0,0)(0,0)(0,0)
(gx,kx)(8,6)(0,0)(0,0)(0,mx)(wx,0)(0,0)(0,0)(0,8)(0,0)(cx,0)(0,0)(0,ix)(0,0)(0,0)(a,0)(0,8)(0,0)(0,0)(0,0)
(qx,cx)(8,6)(0,0)(0,0)(0,8)(ex,0)(8,0)(0,0)(0,ex)(0,0)(k,0)(0,0)(0,g)(0,6)(0,0)(cx,0)(0,ax)(0,0)(0,0)(0,0)
(ox,g)(8,6)(0,0)(0,0)(0,ox)(a,0)(0,0)(0,0)(0,8x)(0,0)(cx,0)(0,0)(6,g)(0,0)(0,0)(cx,0)(8,ax)(0,0)(0,0)(0,0)
(gx,ex)(8,6)(0,0)(0,0)(0,ox)(8x,0)(0,0)(6,0)(0,ex)(0,6)(ex,0)(0,0)(0,8)(0,0)(0,0)(cx,0)(8,ax)(0,6)(0,0)(0,0)
(ax,o)(8,6)(0,0)(0,0)(0,cx)(wx,6)(0,0)(0,0)(0,o)(0,0)(cx,0)(0,0)(0,6x)(0,0)(0,0)(a,0)(0,ax)(0,0)(0,0)(0,0)
(gx,kx)(8,6)(0,0)(0,0)(0,ex)(mx,0)(0,0)(0,0)(0,8)(0,0)(mx,0)(8,0)(0,ix)(0,0)(0,0)(a,0)(0,8)(0,0)(0,0)(0,0)
(gx,kx)(8,6)(0,0)(0,0)(0,g)(mx,0)(0,0)(0,0)(0,8x)(0,0)(mx,0)(0,0)(6,ix)(0,0)(0,0)(ax,0)(0,8x)(0,0)(0,0)(0,0)
(gx,o)(8,6)(0,0)(0,0)(0,cx)(mx,0)(0,0)(0,0)(0,8x)(0,0)(mx,0)(0,0)(6,g)(0,0)(0,0)(a,0)(0,ax)(0,0)(0,0)(0,0)
(ax,kx)(8,6)(0,0)(0,0)(0,ex)(wx,6)(0,0)(0,0)(0,8)(0,0)(cx,0)(8,0)(0,8x)(0,0)(0,0)(ax,0)(8,ax)(0,0)(0,0)(0,0)
(gx,ex)(8,6)(0,0)(0,0)(0,ex)(8x,0)(0,0)(6,0)(0,qx)(0,6)(cx,0)(8,0)(0,g)(0,0)(0,0)(cx,0)(0,8x)(0,0)(0,0)(0,0)
(k,g)(8,6)(0,0)(0,0)(0,ox)(k,0)(0,0)(0,0)(0,8)(0,0)(mx,0)(0,0)(0,8)(0,0)(0,0)(ax,0)(8,ax)(0,0)(0,0)(0,0)
(k,g)(8,6)(0,0)(0,0)(0,yx)(8x,0)(0,0)(0,0)(0,ix)(0,6)(a,0)(0,0)(0,8)(0,0)(0,0)(cx,0)(0,8)(6,0)(0,0)(0,0)
(gx,kx)(8,6)(0,0)(0,0)(0,wx)(ex,0)(0,0)(0,0)(0,ex)(0,0)(kx,0)(0,0)(0,8)(0,0)(0,0)(cx,0)(0,ax)(0,0)(0,0)(0,0)
(gx,kx)(8,6)(0,0)(0,0)(0,wx)(8x,0)(0,0)(0,0)(0,8x)(0,6)(mx,0)(0,0)(6,8)(0,0)(0,0)(ax,0)(0,ax)(0,0)(0,0)(0,0)
(gx,kx)(8,6)(0,0)(0,0)(0,g)(gx,0)(0,0)(0,0)(0,ix)(0,0)(a,0)(0,0)(0,ix)(0,6)(0,0)(cx,0)(0,8)(6,0)(0,0)(0,0)
(k,g)(8,6)(0,0)(0,0)(0,ex)(ex,0)(0,0)(0,0)(0,ix)(0,0)(cx,0)(8,0)(0,ix)(0,0)(0,0)(cx,0)(0,8)(6,0)(0,0)(0,0)
(ax,mx)(8,6)(0,0)(0,0)(0,w)(a,6)(0,0)(0,0)(0,8)(0,0)(cx,0)(8,0)(0,ax)(0,0)(0,0)(cx,0)(0,ax)(6,0)(0,0)(0,0)
(ox,cx)(8,6)(0,0)(0,0)(0,qx)(6x,0)(8,0)(0,0)(0,ex)(0,0)(cx,0)(0,0)(0,ix)(0,0)(0,0)(cx,0)(0,8)(6,0)(0,0)(0,0)
(ax,ux)(8,6)(0,0)(0,0)(0,cx)(8x,6)(0,0)(0,0)(0,o)(0,6)(mx,0)(0,0)(0,8)(0,0)(0,0)(a,0)(0,ax)(0,0)(0,0)(0,0)
(gx,o)(8,6)(0,0)(0,0)(0,mx)(a,0)(0,0)(0,0)(0,g)(0,0)(mx,0)(0,0)(0,gx)(0,0)(0,0)(ax,0)(0,ax)(0,0)(0,0)(0,0)
(ax,cx)(8,6)(0,0)(0,0)(0,mx)(wx,6)(8,0)(0,0)(0,8)(0,0)(cx,0)(0,0)(0,ix)(0,0)(0,0)(a,0)(0,8)(0,0)(0,0)(0,0)
(qx,cx)(8,6)(0,0)(0,0)(0,8)(8x,0)(8,0)(0,0)(0,qx)(0,6)(a,0)(0,0)(0,g)(0,6)(0,0)(cx,0)(0,8x)(0,0)(0,0)(0,0)
(ix,cx)(8,6)(0,0)(0,0)(0,yx)(6x,0)(8,0)(0,0)(0,ex)(0,6)(k,0)(0,0)(0,8)(0,0)(0,0)(cx,0)(0,8)(0,0)(0,0)(0,0)
(ax,ex)(8,6)(0,0)(0,0)(0,mx)(ex,6)(0,0)(6,0)(0,qx)(0,0)(kx,0)(0,0)(0,8)(0,0)(0,0)(cx,0)(0,8x)(0,0)(0,0)(0,0)
(wx,ex)(8,6)(0,0)(0,0)(0,8)(8x,0)(0,0)(6,0)(0,gx)(0,6)(a,0)(0,0)(0,ix)(0,0)(0,0)(cx,0)(8,8)(0,0)(0,0)(0,0)
(k,g)(8,6)(0,0)(0,0)(0,g)(k,0)(0,0)(0,0)(0,g)(0,0)(mx,0)(0,0)(0,ax)(0,0)(0,0)(ax,0)(0,ax)(6,0)(0,0)(0,0)
(ax,ex)(8,6)(0,0)(0,0)(0,mx)(wx,6)(0,0)(6,0)(0,8)(0,0)(k,0)(0,0)(0,8)(0,0)(0,0)(ax,0)(0,ax)(0,0)(0,0)(0,0)
(ax,w)(8,6)(0,0)(0,0)(0,w)(a,6)(0,0)(0,0)(0,8)(0,0)(a,0)(0,0)(0,ix)(0,0)(0,0)(cx,0)(0,8x)(0,0)(0,0)(0,0)
(ix,cx)(8,6)(0,0)(0,0)(0,8)(k,0)(8,0)(0,0)(0,ix)(0,6)(ex,0)(0,0)(0,8)(0,0)(0,0)(cx,0)(0,ax)(6,6)(0,0)(0,0)
(gx,cx)(8,6)(0,0)(0,0)(0,o)(8x,0)(8,0)(0,0)(0,ox)(0,6)(kx,0)(0,0)(0,6x)(0,0)(0,0)(cx,0)(0,ax)(0,0)(0,0)(0,0)
(gx,ex)(8,6)(0,0)(0,0)(0,yx)(8x,0)(0,0)(6,0)(0,g)(0,6)(mx,0)(0,0)(0,6x)(0,0)(0,0)(a,0)(0,8)(0,0)(0,0)(0,0)
(ax,o)(8,6)(0,0)(0,0)(0,gx)(a,6)(0,0)(0,0)(0,ox)(0,0)(kx,0)(0,0)(6,8)(0,0)(0,0)(cx,0)(0,ax)(0,0)(0,0)(0,0)
(gx,ux)(8,6)(0,0)(0,0)(0,g)(a,0)(0,0)(0,0)(0,ix)(0,0)(ex,0)(0,0)(0,8)(0,0)(0,0)(cx,0)(0,ax)(6,6)(0,0)(0,0)
(ox,ex)(8,6)(0,0)(0,0)(0,wx)(6x,0)(0,0)(6,0)(0,ex)(0,0)(cx,0)(0,0)(0,g)(0,0)(0,0)(cx,0)(0,ax)(0,0)(0,0)(0,0)
(k,o)(8,6)(0,0)(0,0)(0,ox)(6x,0)(0,0)(0,0)(0,ex)(0,0)(cx,0)(0,0)(0,ix)(0,0)(0,0)(cx,0)(8,8)(0,0)(0,0)(0,0)
(gx,cx)(8,6)(0,0)(0,0)(0,wx)(ox,0)(8,0)(0,0)(0,8)(0,0)(cx,0)(0,0)(0,6x)(0,0)(0,0)(cx,0)(0,ax)(0,6)(0,0)(0,0)
(ax,cx)(8,6)(0,0)(0,0)(0,yx)(ex,6)(8,0)(0,0)(0,ox)(0,0)(cx,0)(0,0)(0,6x)(0,0)(0,0)(cx,0)(0,8)(0,0)(0,0)(0,0)
(gx,ex)(8,6)(0,0)(0,0)(0,ex)(ex,0)(0,0)(6,0)(0,g)(0,0)(kx,0)(8,0)(0,ax)(0,0)(0,0)(cx,0)(0,ax)(6,0)(0,0)(0,0)
(ax,ex)(8,6)(0,0)(0,0)(0,wx)(ex,6)(0,0)(6,0)(0,8x)(0,0)(mx,0)(0,0)(6,8)(0,0)(0,0)(ax,0)(0,ax)(0,0)(0,0)(0,0)
(ix,cx)(8,6)(0,0)(0,0)(0,8)(wx,0)(8,0)(0,0)(0,qx)(0,6)(cx,0)(0,0)(0,6x)(0,0)(0,0)(ax,0)(0,8x)(0,0)(0,0)(0,0)
(qx,ex)(8,6)(0,0)(0,0)(0,g)(6x,0)(0,0)(6,0)(0,8x)(0,0)(kx,0)(0,0)(6,ix)(0,6)(0,0)(cx,0)(0,8x)(0,0)(0,0)(0,0)
(k,g)(8,6)(0,0)(0,0)(0,o)(8x,0)(0,0)(0,0)(0,ex)(0,6)(kx,0)(0,0)(0,8x)(0,0)(0,0)(cx,0)(8,ax)(0,0)(0,0)(0,0)
(u,o)(8,6)(0,0)(0,0)(0,8)(a,0)(0,0)(0,0)(0,g)(0,0)(ex,0)(0,0)(0,gx)(0,0)(0,0)(cx,0)(0,ax)(0,6)(0,0)(0,0)
(ox,ex)(8,6)(0,0)(0,0)(0,8)(k,0)(0,0)(6,0)(0,g)(0,0)(mx,0)(0,0)(0,g)(0,0)(0,0)(a,0)(0,ax)(0,0)(0,0)(0,0)
(k,yx)(8,6)(0,0)(0,0)(0,8)(k,0)(0,0)(0,0)(0,8)(0,0)(cx,0)(0,0)(0,ix)(0,0)(0,0)(cx,0)(0,8)(6,0)(0,0)(0,0)
(gx,ux)(8,6)(0,0)(0,0)(0,cx)(gx,0)(0,0)(0,0)(0,8)(0,0)(kx,0)(0,0)(0,gx)(0,6)(0,0)(cx,0)(0,ax)(0,0)(0,0)(0,0)
(ox,cx)(8,6)(0,0)(0,0)(0,8)(k,0)(8,0)(0,0)(0,ox)(0,0)(cx,0)(0,0)(0,g)(0,0)(0,0)(cx,0)(0,ax)(0,0)(0,0)(0,0)
(qx,cx)(8,6)(0,0)(0,0)(0,8)(ex,0)(8,0)(0,0)(0,qx)(0,0)(a,0)(0,0)(0,8x)(0,6)(0,0)(cx,0)(8,8)(0,0)(0,0)(0,0)
(yx,ex)(8,6)(0,0)(0,0)(0,8)(8x,0)(0,0)(6,0)(0,g)(0,6)(k,0)(0,0)(0,6x)(0,0)(0,0)(cx,0)(0,ax)(0,6)(0,0)(0,0)
(qx,ex)(8,6)(0,0)(0,0)(0,ex)(6x,0)(0,0)(6,0)(0,8)(0,0)(ex,0)(8,0)(0,gx)(0,6)(0,0)(cx,0)(0,ax)(0,6)(0,0)(0,0)
(ax,ex)(8,6)(0,0)(0,0)(0,o)(8x,6)(0,0)(6,0)(0,8x)(0,6)(k,0)(0,0)(6,g)(0,0)(0,0)(cx,0)(0,ax)(0,0)(0,0)(0,0)
(gx,ex)(8,6)(0,0)(0,0)(0,g)(gx,0)(0,0)(6,0)(0,8x)(0,0)(kx,0)(0,0)(6,gx)(0,6)(0,0)(cx,0)(0,ax)(0,0)(0,0)(0,0)
(gx,cx)(8,6)(0,0)(0,0)(0,o)(ex,0)(8,0)(0,0)(0,ox)(0,0)(a,0)(0,0)(0,ix)(0,0)(0,0)(cx,0)(0,8)(0,0)(0,0)(0,0)
(ix,cx)(8,6)(0,0)(0,0)(0,8)(mx,0)(8,0)(0,0)(0,qx)(0,6)(a,0)(0,0)(0,ax)(0,0)(0,0)(cx,0)(0,8)(6,0)(0,0)(0,0)
(gx,kx)(8,6)(0,0)(0,0)(0,o)(8x,0)(0,0)(0,0)(0,qx)(0,6)(a,0)(0,0)(0,g)(0,0)(0,0)(cx,0)(0,8x)(0,0)(0,0)(0,0)
(ix,kx)(8,6)(0,0)(0,0)(0,yx)(6x,0)(0,0)(0,0)(0,ex)(0,6)(kx,0)(0,0)(0,8)(0,0)(0,0)(cx,0)(0,8x)(0,0)(0,0)(0,0)
(ix,g)(8,6)(0,0)(0,0)(0,cx)(k,0)(0,0)(0,0)(0,ix)(0,6)(ex,0)(0,0)(0,8)(0,0)(0,0)(cx,0)(0,ax)(6,6)(0,0)(0,0)
(ax,ex)(8,6)(0,0)(0,0)(0,yx)(k,6)(0,0)(6,0)(0,8)(0,0)(mx,0)(0,0)(0,8)(0,0)(0,0)(ax,0)(0,8x)(0,0)(0,0)(0,0)
(ix,cx)(8,6)(0,0)(0,0)(0,gx)(6x,0)(8,0)(0,0)(0,o)(0,6)(cx,0)(0,0)(6,gx)(0,0)(0,0)(cx,0)(0,ax)(0,0)(0,0)(0,0)
(gx,kx)(8,6)(0,0)(0,0)(0,w)(8x,0)(0,0)(0,0)(0,ox)(0,6)(cx,0)(0,0)(0,6x)(0,0)(0,0)(cx,0)(0,ax)(0,0)(0,0)(0,0)
(qx,kx)(8,6)(0,0)(0,0)(0,8)(8x,0)(0,0)(0,0)(0,o)(0,6)(mx,0)(0,0)(0,6x)(0,6)(0,0)(a,0)(0,ax)(0,0)(0,0)(0,0)
(k,mx)(8,6)(0,0)(0,0)(0,g)(6x,0)(0,0)(0,0)(0,qx)(0,0)(k,0)(8,0)(0,8)(0,0)(0,0)(cx,0)(0,8)(0,0)(0,0)(0,0)
(ax,ex)(8,6)(0,0)(0,0)(0,ox)(ex,6)(0,0)(6,0)(0,g)(0,0)(kx,0)(0,0)(0,6x)(0,0)(0,0)(cx,0)(8,ax)(0,0)(0,0)(0,0)
(gx,ex)(8,6)(0,0)(0,0)(0,g)(wx,0)(0,0)(6,0)(0,gx)(0,0)(a,0)(0,0)(0,8)(0,0)(0,0)(ax,0)(8,ax)(0,0)(0,0)(0,0)
(gx,ex)(8,6)(0,0)(0,0)(0,ox)(8x,0)(0,0)(6,0)(0,ex)(0,6)(cx,0)(0,0)(0,ix)(0,0)(0,0)(cx,0)(8,8)(0,0)(0,0)(0,0)