#total=85711
(2x,gx)(0,2)(6,4)(0,0)(0,gx)(6x,0)(0,k)(0,0)(4,4)(0,0)
(ix,ix)(8,0)(0,4)(0,0)(0,8)(2x,0)(0,c)(0,0)(0,6x)(2,2)
(8x,ex)(0,0)(0,k)(0,0)(0,8)(2x,0)(0,ix)(6,0)(0,4)(0,0)
(ix,8x)(0,2)(0,c)(0,0)(2,4)(cx,0)(0,g)(0,0)(0,4x)(0,2)
(cx,k)(8,0)(0,4)(0,0)(0,g)(6x,0)(0,ax)(0,0)(0,4x)(0,0)
(ax,ax)(0,0)(0,g)(0,2)(0,g)(gx,2)(0,4)(0,0)(0,4x)(0,0)
(ax,k)(0,0)(0,2x)(4,0)(0,cx)(4x,2)(0,g)(0,2)(0,8)(0,0)
(ax,ix)(0,0)(0,4)(4,0)(0,c)(4x,2)(0,ex)(0,2)(0,8)(2,0)
(gx,ex)(0,0)(0,4)(0,0)(0,2x)(ex,0)(0,k)(6,0)(0,4)(0,0)
(ex,4)(0,0)(0,4)(0,0)(0,c)(a,0)(0,k)(0,2)(0,ex)(0,0)
(ix,8)(0,0)(0,c)(0,0)(0,2x)(ex,0)(0,k)(0,0)(0,4x)(0,2)
(2x,k)(0,2)(0,c)(0,0)(0,4)(ix,0)(0,8x)(0,0)(0,ex)(0,0)
(kx,4)(0,0)(0,8)(4,0)(0,8)(ix,0)(0,8x)(0,0)(0,ax)(0,0)
(ix,kx)(0,0)(0,2x)(4,0)(0,4)(ex,0)(0,4)(0,0)(0,c)(0,2)
(cx,ex)(0,0)(0,6x)(0,0)(0,g)(6x,0)(0,8)(6,0)(0,c)(0,0)
(ax,g)(0,2)(0,2x)(4,0)(0,k)(cx,2)(0,2x)(6,0)(0,4)(0,0)
(gx,8)(0,0)(0,4x)(0,0)(2,ax)(8x,0)(0,c)(0,0)(0,g)(2,2)
(8x,4)(0,0)(0,ex)(4,0)(0,8)(8x,0)(0,ex)(0,0)(0,g)(2,2)
(4x,ix)(0,0)(0,6x)(0,0)(0,c)(6x,0)(0,g)(0,0)(0,g)(2,0)
(ax,4x)(0,0)(6,g)(0,0)(0,8x)(ex,2)(0,4)(0,0)(4,c)(0,0)
(gx,2x)(8,0)(0,4)(0,0)(0,c)(a,0)(0,k)(0,0)(0,8)(0,0)
(ax,gx)(0,0)(0,4)(0,0)(2,8)(ex,2)(0,8)(0,0)(4,cx)(0,0)
(2x,k)(0,2)(0,8)(4,0)(0,ax)(ix,0)(0,4)(0,0)(0,ax)(2,0)
(4x,k)(0,0)(0,6x)(0,0)(0,k)(2x,0)(0,2x)(6,0)(0,k)(0,0)
(6x,g)(0,0)(0,k)(4,2)(0,cx)(2x,0)(0,ex)(0,0)(0,4)(0,0)
(4x,cx)(0,0)(0,6x)(0,2)(0,8)(gx,0)(8,k)(0,0)(0,4)(0,0)
(ex,8x)(0,0)(0,ax)(0,0)(2,4)(8x,0)(0,g)(6,2)(0,8)(0,2)
(ax,ix)(0,0)(0,2x)(4,0)(0,g)(8x,2)(0,4)(0,0)(0,c)(2,2)
(gx,6x)(0,0)(0,8)(4,2)(0,c)(gx,0)(0,8x)(0,0)(0,8)(0,0)
(6x,g)(0,0)(0,8)(0,2)(0,4x)(ex,0)(8,8)(0,0)(0,ex)(0,0)
(2x,c)(0,2)(0,c)(4,0)(0,c)(ix,0)(0,ex)(0,0)(0,4x)(0,0)
(6x,ex)(0,0)(0,k)(4,2)(0,c)(2x,0)(0,4)(6,0)(0,ax)(0,0)
(4x,gx)(8,0)(0,8)(0,0)(0,ex)(8x,0)(0,4)(0,0)(4,c)(0,2)
(2x,ix)(0,2)(6,g)(0,0)(0,gx)(2x,0)(0,4)(0,0)(0,c)(2,0)
(2x,ix)(0,2)(0,g)(0,0)(0,4)(ix,0)(0,4)(0,0)(0,ex)(2,0)
(ax,8)(0,0)(6,c)(0,0)(0,gx)(ax,2)(0,c)(0,0)(0,4x)(0,0)
(4x,8)(8,0)(0,c)(0,0)(0,ex)(a,0)(0,8)(0,0)(0,g)(0,0)
(6x,ex)(0,0)(0,c)(0,2)(0,4)(ex,0)(0,ix)(6,0)(0,4)(0,0)
(2x,8)(0,2)(6,ax)(0,0)(0,c)(6x,0)(0,k)(6,0)(0,8x)(0,0)
(gx,4)(0,0)(6,cx)(0,0)(0,k)(2x,0)(0,8)(0,0)(4,8x)(0,0)
(4x,8)(0,0)(0,8x)(0,0)(0,8)(8x,0)(8,k)(0,0)(0,ex)(0,2)
(ax,ex)(0,0)(0,k)(0,0)(0,2x)(4x,2)(0,g)(6,2)(0,4)(0,0)
(ix,8)(0,0)(0,ax)(0,0)(2,4)(4x,0)(0,c)(6,2)(0,cx)(0,2)
(kx,4)(0,0)(6,cx)(0,0)(0,gx)(2x,0)(0,4)(0,0)(4,c)(0,0)
(gx,6x)(0,0)(0,ax)(4,0)(0,4)(ax,0)(0,c)(6,0)(0,c)(0,0)
(gx,8x)(0,0)(0,8)(0,0)(2,k)(8x,0)(0,c)(0,0)(0,4x)(0,2)
(gx,8)(0,2)(6,8)(0,0)(0,cx)(cx,0)(0,cx)(0,0)(0,4)(0,0)
(4x,c)(0,0)(0,6x)(0,0)(0,k)(8x,0)(0,2x)(6,0)(0,k)(0,2)
(8x,k)(8,0)(0,k)(0,0)(0,4)(4x,0)(0,8x)(0,2)(0,6x)(0,0)
(cx,8x)(0,0)(0,ax)(0,0)(2,c)(4x,0)(0,c)(6,2)(0,c)(0,0)
(ex,c)(0,0)(0,k)(0,0)(0,2x)(ix,0)(0,8)(0,2)(0,4x)(0,0)
(2x,ix)(8,2)(0,c)(0,2)(0,4)(gx,0)(0,ax)(0,0)(0,4)(2,0)
(cx,8)(0,0)(0,cx)(0,0)(0,g)(6x,0)(0,8)(0,0)(4,ex)(0,0)
(4x,g)(0,0)(0,8)(4,2)(0,c)(gx,0)(0,8x)(0,0)(0,ax)(0,0)
(6x,g)(0,0)(6,8x)(0,2)(0,gx)(2x,0)(8,8)(0,0)(0,8)(0,0)
(ax,k)(0,0)(0,6x)(0,0)(0,k)(6x,2)(0,2x)(6,0)(0,8)(0,0)
(4x,kx)(0,0)(0,g)(0,2)(0,2x)(gx,0)(0,4)(0,0)(0,g)(0,0)
(ax,8)(0,0)(0,g)(4,0)(0,g)(4x,2)(0,ex)(0,2)(0,2x)(2,0)
(2x,k)(0,2)(0,8x)(0,0)(0,2x)(4x,0)(8,g)(0,2)(0,g)(0,0)
(ex,4x)(0,0)(6,gx)(0,0)(0,4)(8x,0)(0,g)(0,2)(0,8)(0,2)
(gx,c)(0,0)(0,6x)(0,0)(0,ax)(ix,0)(0,c)(0,0)(0,4)(2,0)
(8x,c)(8,0)(0,k)(0,0)(0,ax)(6x,0)(0,ax)(0,0)(0,4)(2,0)
(k,4x)(0,0)(6,8)(0,0)(0,k)(4x,0)(0,8)(0,2)(0,8)(0,0)
(kx,ix)(8,0)(0,4)(0,0)(0,4)(6x,0)(0,c)(0,0)(0,6x)(2,0)
(2x,ix)(0,2)(0,2x)(4,0)(0,k)(4x,0)(0,8)(0,2)(0,g)(2,0)
(4x,g)(0,0)(6,8)(0,2)(0,cx)(gx,0)(0,cx)(0,0)(0,4)(0,0)
(6x,g)(0,0)(6,8)(0,2)(0,cx)(ex,0)(0,cx)(0,0)(0,4)(0,0)
(cx,k)(0,0)(0,4)(4,0)(0,cx)(6x,0)(0,ex)(0,0)(0,8)(0,0)
(kx,4)(0,0)(0,6x)(0,0)(0,ax)(4x,0)(0,g)(0,2)(0,g)(2,0)
(8x,4x)(0,0)(6,ex)(0,0)(0,8)(8x,0)(0,k)(0,0)(0,8)(2,2)
(2x,8)(0,2)(0,4x)(0,0)(2,8x)(8x,0)(0,k)(0,0)(4,k)(0,2)
(2x,8)(0,2)(6,gx)(0,0)(0,8)(ax,0)(0,cx)(0,0)(0,g)(0,0)
(ax,4x)(0,2)(6,4)(0,0)(0,c)(cx,2)(0,6x)(0,0)(0,k)(2,0)
(kx,8x)(0,2)(0,8)(0,0)(2,k)(cx,0)(0,4)(0,0)(0,4x)(0,0)
(6x,g)(8,0)(0,ix)(0,2)(0,4)(ax,0)(0,6x)(0,0)(0,8)(2,0)
(ax,4x)(0,0)(6,c)(0,0)(0,c)(ex,2)(0,g)(0,0)(0,4x)(0,0)
(8x,4)(0,0)(0,g)(4,0)(0,ax)(6x,0)(0,k)(0,0)(0,ax)(2,0)
(8x,g)(0,0)(0,cx)(0,0)(2,g)(2x,0)(0,8)(0,0)(4,cx)(0,0)
(4x,g)(0,0)(6,8)(0,0)(0,ax)(8x,0)(0,cx)(0,0)(0,c)(2,2)
(kx,8)(0,0)(0,k)(0,0)(2,8)(2x,0)(0,gx)(0,0)(0,4x)(0,0)
(ax,g)(0,0)(0,4)(4,0)(0,g)(ax,2)(0,6x)(0,0)(0,ax)(2,0)
(2x,gx)(8,2)(0,8)(0,0)(0,ex)(4x,0)(0,g)(0,2)(4,4)(0,0)
(kx,8)(0,0)(0,6x)(0,0)(0,4)(ex,0)(0,2x)(6,0)(0,k)(0,0)
(8x,4)(8,0)(0,8x)(0,0)(0,8)(8x,0)(8,ax)(0,0)(0,g)(0,2)
(4x,c)(0,0)(0,6x)(0,2)(0,c)(gx,0)(0,2x)(6,0)(0,k)(0,0)
(2x,g)(8,2)(0,4)(0,0)(0,c)(a,0)(0,ax)(0,0)(0,g)(0,0)
(8x,g)(0,2)(0,8)(0,0)(2,c)(cx,0)(0,4x)(0,0)(4,cx)(0,0)
(2x,ax)(0,2)(0,c)(0,0)(0,c)(a,0)(0,g)(0,0)(0,g)(0,0)
(8x,8x)(0,0)(0,8)(0,0)(2,g)(ax,0)(0,4x)(0,0)(4,k)(0,0)
(gx,c)(0,2)(0,4x)(0,0)(2,ax)(cx,0)(0,g)(0,0)(0,4)(2,0)
(2x,c)(0,2)(0,g)(0,0)(2,cx)(6x,0)(0,g)(0,0)(0,cx)(0,0)
(cx,2x)(8,0)(0,c)(0,0)(0,6x)(ax,0)(0,c)(6,0)(0,c)(0,0)
(a,8)(0,0)(0,k)(0,0)(0,ax)(6x,0)(0,8)(0,0)(0,g)(2,0)
(4x,ix)(0,0)(0,4x)(0,0)(2,k)(6x,0)(0,8)(0,0)(0,g)(2,0)
(4x,cx)(0,0)(0,2x)(4,0)(0,k)(6x,0)(8,8)(0,0)(0,g)(0,0)
(6x,k)(0,2)(0,6x)(0,2)(0,8)(cx,0)(0,4x)(0,0)(4,g)(0,0)
(cx,8)(0,0)(0,k)(0,0)(2,c)(4x,0)(0,gx)(0,2)(0,4x)(0,0)
(cx,4)(0,0)(0,c)(0,0)(0,k)(ax,0)(0,6x)(0,0)(0,ex)(2,0)
(ax,kx)(0,0)(0,4)(0,0)(0,8)(8x,2)(0,ix)(0,0)(0,8)(0,2)
(kx,8x)(0,0)(0,k)(0,0)(2,6x)(2x,0)(0,4)(6,0)(0,c)(0,0)
(ix,6x)(0,0)(0,4)(4,0)(0,4x)(4x,0)(8,c)(0,2)(0,g)(0,2)
(a,ix)(0,0)(0,c)(0,2)(0,4)(gx,0)(0,c)(0,0)(0,4)(2,0)
(kx,4)(0,0)(0,c)(0,0)(0,2x)(ix,0)(0,k)(0,0)(0,2x)(2,0)
(2x,g)(0,2)(0,ax)(4,0)(0,4)(8x,0)(0,ex)(6,0)(0,c)(0,2)
(ax,4x)(0,0)(6,c)(0,0)(0,8x)(ax,2)(0,c)(0,0)(4,c)(0,0)
(6x,4)(0,0)(0,ex)(4,2)(0,c)(4x,0)(0,k)(0,2)(0,ax)(2,0)
(cx,8x)(0,0)(0,cx)(0,0)(2,k)(4x,0)(0,c)(0,2)(4,4)(0,0)
(a,k)(0,0)(0,c)(0,0)(0,g)(2x,0)(0,g)(0,0)(0,2x)(2,0)
(6x,gx)(0,0)(0,2x)(4,2)(0,g)(ax,0)(0,4)(0,0)(4,g)(0,0)
(8x,g)(0,0)(6,g)(0,0)(0,4)(ex,0)(0,8x)(0,0)(0,8x)(0,0)
(6x,6x)(0,0)(0,cx)(4,2)(0,g)(6x,0)(0,8)(0,0)(4,g)(0,0)
(ix,8)(0,0)(0,c)(0,0)(0,4)(a,0)(0,ix)(0,0)(0,8)(0,2)
(8x,g)(0,0)(0,8)(0,0)(0,8x)(ax,0)(0,c)(0,0)(4,ex)(0,0)
(8x,4)(0,0)(0,g)(0,0)(0,4)(k,0)(0,8x)(0,0)(0,k)(0,0)
(6x,g)(0,0)(6,8x)(0,2)(0,g)(2x,0)(8,8)(0,0)(0,8x)(0,0)
(6x,ex)(0,0)(0,g)(0,2)(0,4)(k,0)(0,4)(6,0)(0,8)(0,0)
(ax,k)(0,0)(0,6x)(0,0)(0,8x)(6x,2)(0,g)(0,0)(4,8)(0,0)
(ax,4)(0,0)(0,g)(4,2)(0,cx)(gx,2)(0,4)(0,0)(0,ax)(0,0)
(2x,6x)(0,2)(0,ex)(4,0)(0,8)(ix,0)(0,8)(0,0)(0,g)(2,0)
(6x,6x)(0,0)(0,k)(4,2)(0,4x)(ax,0)(8,4)(0,0)(0,g)(0,0)
(cx,8)(0,0)(0,k)(0,0)(0,8)(k,0)(0,4x)(0,0)(4,4)(0,0)
(8x,4)(8,0)(0,c)(0,0)(0,ax)(ax,0)(0,k)(0,0)(0,6x)(2,0)
(kx,ax)(0,0)(0,4)(0,0)(0,ax)(ex,0)(0,4)(0,0)(0,g)(2,0)
(ix,6x)(0,0)(0,4)(4,0)(0,ax)(6x,0)(0,k)(0,0)(0,8)(2,2)
(ix,c)(0,0)(0,6x)(0,0)(0,k)(6x,0)(0,c)(0,0)(0,2x)(2,2)
(gx,ix)(0,2)(0,6x)(0,0)(0,4)(cx,0)(0,8)(0,0)(0,c)(2,0)
(ex,4)(0,0)(0,8)(0,0)(0,4x)(k,0)(8,8)(0,2)(0,c)(0,0)
(gx,4)(8,0)(0,ix)(0,0)(0,4)(ax,0)(0,2x)(6,0)(0,c)(0,0)
(cx,8)(0,2)(6,c)(0,0)(0,gx)(cx,0)(0,8)(0,0)(0,2x)(2,0)
(4x,8x)(0,0)(0,ax)(0,0)(2,4)(8x,0)(0,g)(6,0)(0,k)(0,2)
(cx,g)(0,0)(0,4)(0,0)(2,c)(ex,0)(0,gx)(0,0)(0,4x)(0,0)
(8x,gx)(0,0)(0,8)(4,0)(0,ix)(6x,0)(0,8)(0,0)(4,8)(0,0)
(2x,kx)(0,2)(6,4)(0,0)(0,c)(6x,0)(0,k)(0,0)(0,8x)(0,0)
(ix,ex)(0,0)(0,6x)(0,0)(0,4)(4x,0)(0,g)(6,2)(0,8)(0,2)
(6x,c)(0,0)(0,g)(4,2)(0,ix)(6x,0)(0,8x)(0,0)(0,8)(0,0)
(kx,4)(8,0)(0,8)(0,0)(0,ex)(6x,0)(0,8x)(0,0)(0,c)(0,0)
(cx,8)(8,0)(0,ix)(0,0)(0,c)(4x,0)(0,c)(0,2)(0,2x)(2,0)
(gx,4)(0,0)(0,g)(4,0)(0,ix)(2x,0)(0,4x)(0,0)(4,c)(0,0)
(4x,gx)(0,0)(0,8)(0,0)(0,k)(6x,0)(0,8)(0,0)(4,ex)(0,0)
(2x,2x)(8,2)(0,cx)(0,0)(0,c)(ix,0)(0,4)(0,0)(4,g)(0,0)
(8x,6x)(0,0)(0,8)(4,0)(0,g)(ax,0)(0,4x)(0,0)(4,k)(0,0)
(2x,ix)(0,2)(0,8)(4,0)(0,8)(ax,0)(0,ex)(0,0)(0,c)(2,0)
(2x,c)(8,2)(0,cx)(0,2)(0,8)(gx,0)(0,8)(0,0)(4,6x)(0,0)
(6x,cx)(0,0)(6,k)(0,2)(0,4)(6x,0)(8,8)(0,0)(0,8x)(0,0)
(ex,4)(0,0)(0,4x)(0,2)(2,c)(gx,0)(0,4x)(0,2)(4,g)(0,0)
(ex,gx)(0,0)(0,6x)(0,0)(0,k)(2x,0)(0,8)(0,2)(4,8)(0,0)
(2x,ix)(0,2)(0,8)(0,0)(0,2x)(8x,0)(0,g)(0,0)(0,k)(2,2)
(gx,c)(8,0)(0,4)(0,0)(0,8x)(ax,0)(0,ax)(0,0)(4,8)(0,0)
(k,8)(0,0)(0,8)(0,0)(2,g)(8x,0)(0,4)(0,0)(0,cx)(0,2)
(gx,4)(0,0)(6,8)(0,0)(0,c)(ix,0)(0,4x)(0,0)(4,8x)(0,0)
(8x,gx)(8,0)(0,8)(0,0)(0,c)(6x,0)(0,c)(0,0)(4,6x)(0,0)
(cx,4x)(0,0)(6,8x)(0,0)(0,c)(4x,0)(8,g)(0,2)(0,8)(0,0)
(2x,g)(0,2)(0,2x)(4,0)(0,4x)(ix,0)(8,8)(0,0)(0,g)(0,0)
(4x,8)(0,0)(6,g)(0,0)(0,4x)(2x,0)(8,cx)(0,0)(0,k)(0,0)
(8x,g)(0,0)(0,g)(0,0)(2,g)(2x,0)(0,4x)(0,0)(4,cx)(0,0)
(6x,k)(0,0)(0,8)(0,2)(0,8x)(ex,0)(0,4)(0,0)(4,ex)(0,0)
(gx,8)(0,2)(0,8)(0,0)(0,cx)(cx,0)(0,8)(0,0)(0,ex)(0,0)
(6x,4)(8,0)(0,ix)(0,2)(0,8)(ax,0)(0,k)(0,0)(0,2x)(2,0)
(k,6x)(0,0)(0,4)(4,0)(0,c)(2x,0)(0,c)(0,0)(0,k)(0,0)
(6x,gx)(0,0)(0,2x)(4,2)(0,c)(6x,0)(0,k)(0,0)(4,8)(0,0)
(6x,4x)(0,0)(6,ex)(0,2)(0,8)(ax,0)(0,c)(0,0)(0,g)(2,0)
(2x,kx)(8,2)(0,g)(0,2)(0,4)(gx,0)(0,4)(0,0)(0,6x)(0,0)
(6x,g)(0,0)(6,g)(0,2)(0,6x)(2x,0)(0,c)(6,0)(0,8x)(0,0)
(kx,4)(8,0)(0,8)(0,0)(0,cx)(4x,0)(0,g)(0,2)(0,6x)(0,0)
(cx,g)(0,0)(0,4)(0,0)(0,c)(a,0)(0,ix)(0,0)(0,8)(0,0)
(ix,4)(0,0)(0,6x)(0,0)(0,8)(ix,0)(0,k)(0,0)(0,4x)(0,2)
(ix,ax)(0,0)(0,gx)(0,0)(0,8)(2x,0)(0,g)(0,0)(0,8)(0,2)
(gx,2x)(8,0)(0,8x)(0,0)(0,4)(ix,0)(8,8)(0,0)(0,8)(0,0)
(8x,4)(8,0)(0,cx)(0,0)(0,c)(2x,0)(0,ax)(0,0)(4,k)(0,0)
(cx,g)(0,2)(0,6x)(0,0)(0,c)(cx,0)(0,g)(0,0)(0,2x)(2,0)
(2x,g)(0,2)(0,6x)(0,0)(0,k)(ax,0)(0,4x)(0,0)(4,g)(0,0)
(4x,c)(0,0)(6,c)(0,0)(0,cx)(ix,0)(0,8)(0,0)(0,8x)(0,0)
(4x,4x)(0,0)(6,cx)(0,0)(0,8)(ix,0)(0,k)(0,0)(4,4)(0,0)
(8x,g)(8,0)(0,k)(0,0)(0,c)(2x,0)(0,ax)(0,0)(0,2x)(2,0)
(k,c)(0,0)(6,4)(0,0)(0,8)(8x,0)(0,c)(0,0)(0,8x)(0,2)
(2x,4x)(0,2)(6,c)(0,0)(0,k)(8x,0)(0,k)(0,0)(0,2x)(2,2)
(4x,kx)(0,0)(0,2x)(4,0)(0,k)(ax,0)(0,4)(0,0)(0,g)(0,0)
(8x,ex)(0,0)(0,8)(0,0)(2,c)(4x,0)(0,gx)(6,2)(0,8)(0,0)
(kx,4)(0,0)(0,cx)(0,0)(2,8)(2x,0)(0,gx)(0,0)(4,c)(0,0)
(6x,k)(0,0)(0,8)(0,2)(2,g)(4x,0)(0,6x)(0,2)(0,cx)(2,0)
(8x,gx)(0,0)(0,k)(0,0)(2,8)(2x,0)(0,8)(0,0)(4,cx)(0,0)
(ex,4)(0,0)(0,2x)(4,2)(0,6x)(gx,0)(0,8)(6,2)(0,g)(0,0)
(8x,4x)(0,0)(6,g)(0,0)(0,g)(6x,0)(0,6x)(0,0)(0,g)(2,0)
(2x,6x)(0,2)(0,g)(4,0)(0,ax)(ix,0)(0,4)(0,0)(0,g)(2,0)
(ix,ax)(0,0)(0,cx)(0,0)(0,4)(4x,0)(0,g)(0,2)(4,8)(0,2)
(ax,gx)(0,0)(0,4x)(0,0)(2,c)(4x,2)(0,g)(0,2)(4,8)(0,0)
(gx,8)(8,0)(0,g)(0,0)(0,6x)(2x,0)(0,c)(6,0)(0,6x)(0,0)
(4x,8x)(0,0)(0,ax)(0,0)(2,k)(ax,0)(0,4)(6,0)(0,g)(0,0)
(2x,gx)(0,2)(6,8)(0,0)(0,gx)(4x,0)(0,8)(0,2)(4,c)(0,0)
(6x,g)(8,0)(0,8)(0,2)(0,g)(8x,0)(0,ax)(0,0)(0,4x)(0,2)
(8x,gx)(0,0)(0,2x)(4,0)(0,8)(ex,0)(0,8)(0,0)(4,g)(0,0)
(gx,8)(0,0)(0,k)(4,0)(0,4)(8x,0)(0,ex)(0,0)(0,4x)(0,2)
(ix,4)(0,0)(0,8)(4,0)(0,ix)(4x,0)(0,6x)(0,2)(0,c)(2,2)
(6x,g)(0,0)(0,k)(0,2)(0,cx)(2x,0)(0,ix)(0,0)(0,4)(0,0)
(4x,c)(0,0)(0,c)(4,0)(0,k)(ax,0)(0,8x)(0,0)(0,ax)(0,0)
(8x,g)(0,0)(6,g)(0,0)(0,4x)(2x,0)(8,c)(0,0)(0,8x)(0,0)
(gx,8)(8,0)(0,cx)(0,0)(0,4)(ax,0)(0,ax)(0,0)(4,8)(0,0)
(8x,ix)(0,0)(0,6x)(0,0)(0,8)(ex,0)(0,k)(0,0)(0,4)(2,0)
(ix,4)(0,0)(0,8)(0,2)(2,cx)(gx,0)(0,4)(0,0)(0,cx)(0,2)
(k,4)(8,0)(0,4)(0,0)(0,ex)(6x,0)(0,8)(0,0)(0,g)(0,0)