#total=10936
(wx,8)(0,0)(0,0)(0,0)(0,8)(k,0)(0,0)(0,0)(0,8)(0,0)(kx,0)(0,0)(0,gx)(0,0)(0,0)(k,0)(0,sx)(0,0)(0,0)(0,0)
(k,8)(0,0)(0,0)(0,0)(0,mx)(6x,0)(0,0)(0,0)(0,g)(0,0)(kx,0)(0,0)(0,qx)(0,0)(0,0)(yx,0)(0,8x)(0,0)(0,0)(0,0)
(8x,ux)(0,0)(0,0)(0,0)(0,g)(a,0)(0,0)(0,0)(0,g)(0,0)(kx,0)(0,0)(0,gx)(0,0)(0,0)(k,0)(0,o)(0,0)(0,0)(0,0)
(8x,w)(0,0)(0,0)(0,0)(0,cx)(u,0)(0,0)(0,0)(0,8)(0,0)(u,0)(0,0)(0,6x)(0,0)(0,0)(ax,0)(0,o)(0,0)(0,0)(0,0)
(ox,8)(0,0)(0,0)(0,0)(0,mx)(a,0)(0,0)(0,0)(0,o)(0,0)(k,0)(0,0)(0,8)(0,0)(0,0)(k,0)(0,o)(0,0)(0,0)(0,0)
(a,g)(0,0)(0,0)(0,0)(0,wx)(a,0)(0,0)(0,0)(0,g)(0,0)(kx,0)(0,0)(0,6x)(0,0)(0,0)(yx,0)(0,g)(0,0)(0,0)(0,0)
(ox,8)(0,0)(0,0)(0,0)(0,o)(6x,0)(0,0)(0,0)(0,ox)(0,0)(u,0)(0,0)(0,6x)(0,0)(0,0)(u,0)(0,8)(0,0)(0,0)(0,0)
(a,o)(0,0)(0,0)(0,0)(0,w)(6x,0)(0,0)(0,0)(0,ex)(0,0)(k,0)(0,0)(0,8)(0,0)(0,0)(ix,0)(0,sx)(0,0)(0,0)(0,0)
(a,8)(0,0)(0,0)(0,0)(0,cx)(ux,0)(0,0)(0,0)(0,ox)(0,0)(cx,0)(0,0)(0,6x)(0,0)(0,0)(qx,0)(0,w)(0,0)(0,0)(0,0)
(8x,g)(0,0)(0,0)(0,0)(0,w)(k,0)(0,0)(0,0)(0,8)(0,0)(cx,0)(0,0)(0,qx)(0,0)(0,0)(a,0)(0,sx)(0,0)(0,0)(0,0)
(a,8)(0,0)(0,0)(0,0)(0,cx)(mx,0)(0,0)(0,0)(0,ox)(0,0)(a,0)(0,0)(0,g)(0,0)(0,0)(qx,0)(0,w)(0,0)(0,0)(0,0)
(a,kx)(0,0)(0,0)(0,0)(0,mx)(ux,0)(0,0)(0,0)(0,8)(0,0)(sx,0)(0,0)(0,8)(0,0)(0,0)(a,0)(0,o)(0,0)(0,0)(0,0)
(a,8)(0,0)(0,0)(0,0)(0,cx)(u,0)(0,0)(0,0)(0,ex)(0,0)(kx,0)(0,0)(0,8)(0,0)(0,0)(yx,0)(0,o)(0,0)(0,0)(0,0)
(k,ax)(0,0)(0,0)(0,0)(0,o)(6x,0)(0,0)(0,0)(0,w)(0,0)(a,0)(0,0)(0,g)(0,0)(0,0)(a,0)(0,w)(0,0)(0,0)(0,0)
(8x,ax)(0,0)(0,0)(0,0)(0,mx)(6x,0)(0,0)(0,0)(0,g)(0,0)(kx,0)(0,0)(0,gx)(0,0)(0,0)(yx,0)(0,sx)(0,0)(0,0)(0,0)
(gx,8)(0,0)(0,0)(0,0)(0,o)(ux,0)(0,0)(0,0)(0,8)(0,0)(a,0)(0,0)(0,gx)(0,0)(0,0)(u,0)(0,ix)(0,0)(0,0)(0,0)
(u,ax)(0,0)(0,0)(0,0)(0,8)(mx,0)(0,0)(0,0)(0,8)(0,0)(k,0)(0,0)(0,g)(0,0)(0,0)(ix,0)(0,sx)(0,0)(0,0)(0,0)
(gx,8)(0,0)(0,0)(0,0)(0,w)(a,0)(0,0)(0,0)(0,yx)(0,0)(cx,0)(0,0)(0,6x)(0,0)(0,0)(a,0)(0,w)(0,0)(0,0)(0,0)
(8x,kx)(0,0)(0,0)(0,0)(0,8)(k,0)(0,0)(0,0)(0,g)(0,0)(k,0)(0,0)(0,g)(0,0)(0,0)(yx,0)(0,ix)(0,0)(0,0)(0,0)
(k,8)(0,0)(0,0)(0,0)(0,wx)(ex,0)(0,0)(0,0)(0,g)(0,0)(u,0)(0,0)(0,6x)(0,0)(0,0)(qx,0)(0,8)(0,0)(0,0)(0,0)
(a,ux)(0,0)(0,0)(0,0)(0,w)(6x,0)(0,0)(0,0)(0,8)(0,0)(cx,0)(0,0)(0,o)(0,0)(0,0)(u,0)(0,8x)(0,0)(0,0)(0,0)
(gx,ax)(0,0)(0,0)(0,0)(0,o)(a,0)(0,0)(0,0)(0,ex)(0,0)(k,0)(0,0)(0,g)(0,0)(0,0)(yx,0)(0,g)(0,0)(0,0)(0,0)
(8x,g)(0,0)(0,0)(0,0)(0,mx)(a,0)(0,0)(0,0)(0,ox)(0,0)(cx,0)(0,0)(0,qx)(0,0)(0,0)(ax,0)(0,w)(0,0)(0,0)(0,0)
(a,8)(0,0)(0,0)(0,0)(0,cx)(k,0)(0,0)(0,0)(0,g)(0,0)(k,0)(0,0)(0,w)(0,0)(0,0)(yx,0)(0,8)(0,0)(0,0)(0,0)
(ox,ax)(0,0)(0,0)(0,0)(0,8)(k,0)(0,0)(0,0)(0,o)(0,0)(cx,0)(0,0)(0,gx)(0,0)(0,0)(u,0)(0,g)(0,0)(0,0)(0,0)
(k,8)(0,0)(0,0)(0,0)(0,o)(ex,0)(0,0)(0,0)(0,ex)(0,0)(u,0)(0,0)(0,g)(0,0)(0,0)(a,0)(0,o)(0,0)(0,0)(0,0)
(wx,8)(0,0)(0,0)(0,0)(0,g)(6x,0)(0,0)(0,0)(0,yx)(0,0)(a,0)(0,0)(0,gx)(0,0)(0,0)(u,0)(0,8)(0,0)(0,0)(0,0)
(a,w)(0,0)(0,0)(0,0)(0,g)(a,0)(0,0)(0,0)(0,ox)(0,0)(sx,0)(0,0)(0,6x)(0,0)(0,0)(qx,0)(0,8)(0,0)(0,0)(0,0)
(u,8)(0,0)(0,0)(0,0)(0,8)(ex,0)(0,0)(0,0)(0,ox)(0,0)(kx,0)(0,0)(0,8)(0,0)(0,0)(u,0)(0,ix)(0,0)(0,0)(0,0)
(wx,ax)(0,0)(0,0)(0,0)(0,cx)(ex,0)(0,0)(0,0)(0,ex)(0,0)(kx,0)(0,0)(0,w)(0,0)(0,0)(ix,0)(0,8x)(0,0)(0,0)(0,0)
(a,g)(0,0)(0,0)(0,0)(0,g)(k,0)(0,0)(0,0)(0,w)(0,0)(cx,0)(0,0)(0,gx)(0,0)(0,0)(u,0)(0,8)(0,0)(0,0)(0,0)
(8x,kx)(0,0)(0,0)(0,0)(0,o)(ex,0)(0,0)(0,0)(0,yx)(0,0)(a,0)(0,0)(0,gx)(0,0)(0,0)(ax,0)(0,o)(0,0)(0,0)(0,0)
(k,ax)(0,0)(0,0)(0,0)(0,g)(mx,0)(0,0)(0,0)(0,o)(0,0)(k,0)(0,0)(0,6x)(0,0)(0,0)(qx,0)(0,g)(0,0)(0,0)(0,0)
(8x,w)(0,0)(0,0)(0,0)(0,8)(k,0)(0,0)(0,0)(0,8)(0,0)(kx,0)(0,0)(0,gx)(0,0)(0,0)(u,0)(0,ix)(0,0)(0,0)(0,0)
(a,w)(0,0)(0,0)(0,0)(0,cx)(6x,0)(0,0)(0,0)(0,o)(0,0)(a,0)(0,0)(0,o)(0,0)(0,0)(a,0)(0,w)(0,0)(0,0)(0,0)
(gx,ax)(0,0)(0,0)(0,0)(0,cx)(ux,0)(0,0)(0,0)(0,g)(0,0)(a,0)(0,0)(0,o)(0,0)(0,0)(a,0)(0,w)(0,0)(0,0)(0,0)
(a,ux)(0,0)(0,0)(0,0)(0,o)(a,0)(0,0)(0,0)(0,8)(0,0)(sx,0)(0,0)(0,w)(0,0)(0,0)(ax,0)(0,8x)(0,0)(0,0)(0,0)
(a,w)(0,0)(0,0)(0,0)(0,g)(a,0)(0,0)(0,0)(0,ex)(0,0)(kx,0)(0,0)(0,gx)(0,0)(0,0)(ix,0)(0,o)(0,0)(0,0)(0,0)
(ox,ax)(0,0)(0,0)(0,0)(0,cx)(u,0)(0,0)(0,0)(0,g)(0,0)(a,0)(0,0)(0,g)(0,0)(0,0)(qx,0)(0,g)(0,0)(0,0)(0,0)
(a,kx)(0,0)(0,0)(0,0)(0,o)(ex,0)(0,0)(0,0)(0,w)(0,0)(a,0)(0,0)(0,g)(0,0)(0,0)(qx,0)(0,8x)(0,0)(0,0)(0,0)
(8x,ux)(0,0)(0,0)(0,0)(0,wx)(a,0)(0,0)(0,0)(0,8)(0,0)(cx,0)(0,0)(0,qx)(0,0)(0,0)(ax,0)(0,o)(0,0)(0,0)(0,0)
(ox,ax)(0,0)(0,0)(0,0)(0,w)(6x,0)(0,0)(0,0)(0,ox)(0,0)(a,0)(0,0)(0,8)(0,0)(0,0)(u,0)(0,g)(0,0)(0,0)(0,0)
(ox,8)(0,0)(0,0)(0,0)(0,o)(a,0)(0,0)(0,0)(0,yx)(0,0)(a,0)(0,0)(0,g)(0,0)(0,0)(a,0)(0,o)(0,0)(0,0)(0,0)
(8x,w)(0,0)(0,0)(0,0)(0,mx)(6x,0)(0,0)(0,0)(0,8)(0,0)(kx,0)(0,0)(0,gx)(0,0)(0,0)(u,0)(0,ix)(0,0)(0,0)(0,0)
(8x,o)(0,0)(0,0)(0,0)(0,cx)(mx,0)(0,0)(0,0)(0,o)(0,0)(a,0)(0,0)(0,gx)(0,0)(0,0)(k,0)(0,o)(0,0)(0,0)(0,0)
(u,8)(0,0)(0,0)(0,0)(0,g)(6x,0)(0,0)(0,0)(0,g)(0,0)(u,0)(0,0)(0,g)(0,0)(0,0)(u,0)(0,8x)(0,0)(0,0)(0,0)
(ox,ax)(0,0)(0,0)(0,0)(0,wx)(6x,0)(0,0)(0,0)(0,ex)(0,0)(kx,0)(0,0)(0,8)(0,0)(0,0)(u,0)(0,g)(0,0)(0,0)(0,0)
(gx,8)(0,0)(0,0)(0,0)(0,g)(ux,0)(0,0)(0,0)(0,ex)(0,0)(cx,0)(0,0)(0,qx)(0,0)(0,0)(a,0)(0,sx)(0,0)(0,0)(0,0)
(a,g)(0,0)(0,0)(0,0)(0,cx)(ux,0)(0,0)(0,0)(0,ex)(0,0)(sx,0)(0,0)(0,8)(0,0)(0,0)(yx,0)(0,8x)(0,0)(0,0)(0,0)
(8x,kx)(0,0)(0,0)(0,0)(0,g)(u,0)(0,0)(0,0)(0,ex)(0,0)(kx,0)(0,0)(0,8)(0,0)(0,0)(k,0)(0,o)(0,0)(0,0)(0,0)
(a,kx)(0,0)(0,0)(0,0)(0,o)(ex,0)(0,0)(0,0)(0,ex)(0,0)(kx,0)(0,0)(0,w)(0,0)(0,0)(a,0)(0,g)(0,0)(0,0)(0,0)
(a,kx)(0,0)(0,0)(0,0)(0,mx)(ex,0)(0,0)(0,0)(0,ox)(0,0)(cx,0)(0,0)(0,g)(0,0)(0,0)(ix,0)(0,o)(0,0)(0,0)(0,0)
(a,kx)(0,0)(0,0)(0,0)(0,g)(u,0)(0,0)(0,0)(0,g)(0,0)(a,0)(0,0)(0,g)(0,0)(0,0)(qx,0)(0,g)(0,0)(0,0)(0,0)
(k,ax)(0,0)(0,0)(0,0)(0,mx)(ex,0)(0,0)(0,0)(0,ox)(0,0)(sx,0)(0,0)(0,8)(0,0)(0,0)(qx,0)(0,8)(0,0)(0,0)(0,0)
(a,g)(0,0)(0,0)(0,0)(0,mx)(ux,0)(0,0)(0,0)(0,8)(0,0)(k,0)(0,0)(0,8)(0,0)(0,0)(ix,0)(0,sx)(0,0)(0,0)(0,0)
(a,8)(0,0)(0,0)(0,0)(0,wx)(mx,0)(0,0)(0,0)(0,8)(0,0)(kx,0)(0,0)(0,6x)(0,0)(0,0)(qx,0)(0,sx)(0,0)(0,0)(0,0)
(k,ax)(0,0)(0,0)(0,0)(0,8)(k,0)(0,0)(0,0)(0,ox)(0,0)(cx,0)(0,0)(0,g)(0,0)(0,0)(yx,0)(0,g)(0,0)(0,0)(0,0)
(ox,8)(0,0)(0,0)(0,0)(0,mx)(6x,0)(0,0)(0,0)(0,yx)(0,0)(cx,0)(0,0)(0,gx)(0,0)(0,0)(ax,0)(0,sx)(0,0)(0,0)(0,0)
(a,kx)(0,0)(0,0)(0,0)(0,8)(ux,0)(0,0)(0,0)(0,g)(0,0)(sx,0)(0,0)(0,6x)(0,0)(0,0)(yx,0)(0,8x)(0,0)(0,0)(0,0)
(ox,8)(0,0)(0,0)(0,0)(0,8)(k,0)(0,0)(0,0)(0,ox)(0,0)(u,0)(0,0)(0,8)(0,0)(0,0)(u,0)(0,8)(0,0)(0,0)(0,0)
(gx,ax)(0,0)(0,0)(0,0)(0,w)(a,0)(0,0)(0,0)(0,ox)(0,0)(cx,0)(0,0)(0,6x)(0,0)(0,0)(yx,0)(0,g)(0,0)(0,0)(0,0)
(a,o)(0,0)(0,0)(0,0)(0,cx)(k,0)(0,0)(0,0)(0,ox)(0,0)(sx,0)(0,0)(0,8)(0,0)(0,0)(ax,0)(0,o)(0,0)(0,0)(0,0)
(ox,ax)(0,0)(0,0)(0,0)(0,8)(u,0)(0,0)(0,0)(0,g)(0,0)(kx,0)(0,0)(0,6x)(0,0)(0,0)(ix,0)(0,sx)(0,0)(0,0)(0,0)
(8x,kx)(0,0)(0,0)(0,0)(0,8)(mx,0)(0,0)(0,0)(0,o)(0,0)(k,0)(0,0)(0,6x)(0,0)(0,0)(yx,0)(0,ix)(0,0)(0,0)(0,0)
(8x,w)(0,0)(0,0)(0,0)(0,g)(a,0)(0,0)(0,0)(0,ex)(0,0)(kx,0)(0,0)(0,gx)(0,0)(0,0)(qx,0)(0,ix)(0,0)(0,0)(0,0)
(8x,kx)(0,0)(0,0)(0,0)(0,w)(ex,0)(0,0)(0,0)(0,ex)(0,0)(cx,0)(0,0)(0,gx)(0,0)(0,0)(qx,0)(0,ix)(0,0)(0,0)(0,0)
(8x,o)(0,0)(0,0)(0,0)(0,8)(mx,0)(0,0)(0,0)(0,ox)(0,0)(a,0)(0,0)(0,qx)(0,0)(0,0)(u,0)(0,8)(0,0)(0,0)(0,0)
(a,8)(0,0)(0,0)(0,0)(0,o)(6x,0)(0,0)(0,0)(0,o)(0,0)(k,0)(0,0)(0,6x)(0,0)(0,0)(u,0)(0,w)(0,0)(0,0)(0,0)
(u,8)(0,0)(0,0)(0,0)(0,cx)(ex,0)(0,0)(0,0)(0,yx)(0,0)(k,0)(0,0)(0,8)(0,0)(0,0)(qx,0)(0,8)(0,0)(0,0)(0,0)
(8x,ax)(0,0)(0,0)(0,0)(0,8)(k,0)(0,0)(0,0)(0,o)(0,0)(k,0)(0,0)(0,8)(0,0)(0,0)(yx,0)(0,sx)(0,0)(0,0)(0,0)
(u,ax)(0,0)(0,0)(0,0)(0,cx)(6x,0)(0,0)(0,0)(0,g)(0,0)(sx,0)(0,0)(0,g)(0,0)(0,0)(a,0)(0,w)(0,0)(0,0)(0,0)
(a,g)(0,0)(0,0)(0,0)(0,g)(ux,0)(0,0)(0,0)(0,g)(0,0)(k,0)(0,0)(0,6x)(0,0)(0,0)(ix,0)(0,sx)(0,0)(0,0)(0,0)
(k,8)(0,0)(0,0)(0,0)(0,g)(k,0)(0,0)(0,0)(0,g)(0,0)(kx,0)(0,0)(0,w)(0,0)(0,0)(k,0)(0,8x)(0,0)(0,0)(0,0)
(k,8)(0,0)(0,0)(0,0)(0,8)(mx,0)(0,0)(0,0)(0,ox)(0,0)(a,0)(0,0)(0,qx)(0,0)(0,0)(yx,0)(0,8)(0,0)(0,0)(0,0)
(a,ux)(0,0)(0,0)(0,0)(0,cx)(mx,0)(0,0)(0,0)(0,8)(0,0)(kx,0)(0,0)(0,gx)(0,0)(0,0)(ix,0)(0,o)(0,0)(0,0)(0,0)
(a,8)(0,0)(0,0)(0,0)(0,8)(ux,0)(0,0)(0,0)(0,g)(0,0)(a,0)(0,0)(0,gx)(0,0)(0,0)(yx,0)(0,sx)(0,0)(0,0)(0,0)
(gx,ax)(0,0)(0,0)(0,0)(0,w)(mx,0)(0,0)(0,0)(0,8)(0,0)(sx,0)(0,0)(0,6x)(0,0)(0,0)(u,0)(0,8x)(0,0)(0,0)(0,0)
(gx,ax)(0,0)(0,0)(0,0)(0,cx)(mx,0)(0,0)(0,0)(0,ox)(0,0)(sx,0)(0,0)(0,6x)(0,0)(0,0)(ax,0)(0,w)(0,0)(0,0)(0,0)
(k,8)(0,0)(0,0)(0,0)(0,g)(ux,0)(0,0)(0,0)(0,g)(0,0)(k,0)(0,0)(0,6x)(0,0)(0,0)(qx,0)(0,ix)(0,0)(0,0)(0,0)
(k,ax)(0,0)(0,0)(0,0)(0,o)(6x,0)(0,0)(0,0)(0,w)(0,0)(k,0)(0,0)(0,6x)(0,0)(0,0)(ax,0)(0,w)(0,0)(0,0)(0,0)
(a,o)(0,0)(0,0)(0,0)(0,w)(6x,0)(0,0)(0,0)(0,ex)(0,0)(cx,0)(0,0)(0,o)(0,0)(0,0)(a,0)(0,sx)(0,0)(0,0)(0,0)
(a,ux)(0,0)(0,0)(0,0)(0,g)(a,0)(0,0)(0,0)(0,w)(0,0)(cx,0)(0,0)(0,g)(0,0)(0,0)(a,0)(0,o)(0,0)(0,0)(0,0)
(u,ax)(0,0)(0,0)(0,0)(0,w)(a,0)(0,0)(0,0)(0,8)(0,0)(cx,0)(0,0)(0,gx)(0,0)(0,0)(ix,0)(0,o)(0,0)(0,0)(0,0)
(ox,ax)(0,0)(0,0)(0,0)(0,w)(6x,0)(0,0)(0,0)(0,ex)(0,0)(sx,0)(0,0)(0,8)(0,0)(0,0)(u,0)(0,8x)(0,0)(0,0)(0,0)
(k,8)(0,0)(0,0)(0,0)(0,wx)(6x,0)(0,0)(0,0)(0,yx)(0,0)(cx,0)(0,0)(0,6x)(0,0)(0,0)(ax,0)(0,w)(0,0)(0,0)(0,0)
(a,8)(0,0)(0,0)(0,0)(0,8)(k,0)(0,0)(0,0)(0,ox)(0,0)(kx,0)(0,0)(0,8)(0,0)(0,0)(yx,0)(0,sx)(0,0)(0,0)(0,0)
(k,ax)(0,0)(0,0)(0,0)(0,8)(ux,0)(0,0)(0,0)(0,g)(0,0)(sx,0)(0,0)(0,6x)(0,0)(0,0)(a,0)(0,w)(0,0)(0,0)(0,0)
(gx,ax)(0,0)(0,0)(0,0)(0,g)(k,0)(0,0)(0,0)(0,g)(0,0)(k,0)(0,0)(0,g)(0,0)(0,0)(u,0)(0,g)(0,0)(0,0)(0,0)
(8x,ux)(0,0)(0,0)(0,0)(0,o)(a,0)(0,0)(0,0)(0,8)(0,0)(u,0)(0,0)(0,g)(0,0)(0,0)(a,0)(0,o)(0,0)(0,0)(0,0)
(k,ax)(0,0)(0,0)(0,0)(0,mx)(mx,0)(0,0)(0,0)(0,8)(0,0)(sx,0)(0,0)(0,g)(0,0)(0,0)(qx,0)(0,8x)(0,0)(0,0)(0,0)
(k,ax)(0,0)(0,0)(0,0)(0,g)(u,0)(0,0)(0,0)(0,ex)(0,0)(cx,0)(0,0)(0,w)(0,0)(0,0)(ix,0)(0,8)(0,0)(0,0)(0,0)
(k,ax)(0,0)(0,0)(0,0)(0,g)(mx,0)(0,0)(0,0)(0,ex)(0,0)(sx,0)(0,0)(0,gx)(0,0)(0,0)(qx,0)(0,8)(0,0)(0,0)(0,0)
(k,ax)(0,0)(0,0)(0,0)(0,g)(k,0)(0,0)(0,0)(0,o)(0,0)(cx,0)(0,0)(0,w)(0,0)(0,0)(ix,0)(0,8x)(0,0)(0,0)(0,0)
(8x,kx)(0,0)(0,0)(0,0)(0,g)(k,0)(0,0)(0,0)(0,ox)(0,0)(kx,0)(0,0)(0,8)(0,0)(0,0)(k,0)(0,o)(0,0)(0,0)(0,0)
(gx,8)(0,0)(0,0)(0,0)(0,cx)(k,0)(0,0)(0,0)(0,yx)(0,0)(k,0)(0,0)(0,8)(0,0)(0,0)(yx,0)(0,8)(0,0)(0,0)(0,0)
(8x,ux)(0,0)(0,0)(0,0)(0,g)(6x,0)(0,0)(0,0)(0,g)(0,0)(k,0)(0,0)(0,qx)(0,0)(0,0)(u,0)(0,8)(0,0)(0,0)(0,0)
(a,g)(0,0)(0,0)(0,0)(0,cx)(mx,0)(0,0)(0,0)(0,o)(0,0)(a,0)(0,0)(0,gx)(0,0)(0,0)(ix,0)(0,w)(0,0)(0,0)(0,0)
(8x,kx)(0,0)(0,0)(0,0)(0,8)(mx,0)(0,0)(0,0)(0,yx)(0,0)(k,0)(0,0)(0,6x)(0,0)(0,0)(ax,0)(0,w)(0,0)(0,0)(0,0)
(u,8)(0,0)(0,0)(0,0)(0,cx)(ex,0)(0,0)(0,0)(0,g)(0,0)(k,0)(0,0)(0,g)(0,0)(0,0)(qx,0)(0,ix)(0,0)(0,0)(0,0)
(wx,ax)(0,0)(0,0)(0,0)(0,cx)(6x,0)(0,0)(0,0)(0,ex)(0,0)(kx,0)(0,0)(0,gx)(0,0)(0,0)(ix,0)(0,w)(0,0)(0,0)(0,0)
(8x,o)(0,0)(0,0)(0,0)(0,o)(6x,0)(0,0)(0,0)(0,yx)(0,0)(a,0)(0,0)(0,g)(0,0)(0,0)(a,0)(0,sx)(0,0)(0,0)(0,0)
(8x,kx)(0,0)(0,0)(0,0)(0,w)(6x,0)(0,0)(0,0)(0,yx)(0,0)(a,0)(0,0)(0,8)(0,0)(0,0)(yx,0)(0,8x)(0,0)(0,0)(0,0)
(k,ax)(0,0)(0,0)(0,0)(0,w)(6x,0)(0,0)(0,0)(0,g)(0,0)(sx,0)(0,0)(0,6x)(0,0)(0,0)(yx,0)(0,8x)(0,0)(0,0)(0,0)
(a,g)(0,0)(0,0)(0,0)(0,cx)(u,0)(0,0)(0,0)(0,o)(0,0)(cx,0)(0,0)(0,6x)(0,0)(0,0)(yx,0)(0,g)(0,0)(0,0)(0,0)
(8x,kx)(0,0)(0,0)(0,0)(0,wx)(ex,0)(0,0)(0,0)(0,g)(0,0)(a,0)(0,0)(0,w)(0,0)(0,0)(k,0)(0,8)(0,0)(0,0)(0,0)
(8x,g)(0,0)(0,0)(0,0)(0,g)(u,0)(0,0)(0,0)(0,g)(0,0)(a,0)(0,0)(0,qx)(0,0)(0,0)(ax,0)(0,sx)(0,0)(0,0)(0,0)
(a,kx)(0,0)(0,0)(0,0)(0,g)(ux,0)(0,0)(0,0)(0,w)(0,0)(cx,0)(0,0)(0,6x)(0,0)(0,0)(a,0)(0,o)(0,0)(0,0)(0,0)
(a,8)(0,0)(0,0)(0,0)(0,wx)(a,0)(0,0)(0,0)(0,ex)(0,0)(cx,0)(0,0)(0,w)(0,0)(0,0)(ax,0)(0,w)(0,0)(0,0)(0,0)
(k,ax)(0,0)(0,0)(0,0)(0,mx)(u,0)(0,0)(0,0)(0,8)(0,0)(cx,0)(0,0)(0,g)(0,0)(0,0)(ix,0)(0,o)(0,0)(0,0)(0,0)
(8x,g)(0,0)(0,0)(0,0)(0,w)(ex,0)(0,0)(0,0)(0,ex)(0,0)(cx,0)(0,0)(0,gx)(0,0)(0,0)(u,0)(0,ix)(0,0)(0,0)(0,0)
(a,w)(0,0)(0,0)(0,0)(0,cx)(6x,0)(0,0)(0,0)(0,o)(0,0)(a,0)(0,0)(0,o)(0,0)(0,0)(yx,0)(0,8x)(0,0)(0,0)(0,0)
(u,8)(0,0)(0,0)(0,0)(0,cx)(mx,0)(0,0)(0,0)(0,8)(0,0)(kx,0)(0,0)(0,w)(0,0)(0,0)(a,0)(0,ix)(0,0)(0,0)(0,0)
(8x,kx)(0,0)(0,0)(0,0)(0,g)(k,0)(0,0)(0,0)(0,yx)(0,0)(kx,0)(0,0)(0,8)(0,0)(0,0)(qx,0)(0,8x)(0,0)(0,0)(0,0)
(a,8)(0,0)(0,0)(0,0)(0,mx)(a,0)(0,0)(0,0)(0,o)(0,0)(k,0)(0,0)(0,8)(0,0)(0,0)(yx,0)(0,o)(0,0)(0,0)(0,0)
(gx,ax)(0,0)(0,0)(0,0)(0,mx)(a,0)(0,0)(0,0)(0,w)(0,0)(k,0)(0,0)(0,8)(0,0)(0,0)(ax,0)(0,w)(0,0)(0,0)(0,0)
(gx,ax)(0,0)(0,0)(0,0)(0,wx)(mx,0)(0,0)(0,0)(0,8)(0,0)(a,0)(0,0)(0,o)(0,0)(0,0)(u,0)(0,8)(0,0)(0,0)(0,0)
(a,o)(0,0)(0,0)(0,0)(0,8)(k,0)(0,0)(0,0)(0,g)(0,0)(kx,0)(0,0)(0,gx)(0,0)(0,0)(ix,0)(0,sx)(0,0)(0,0)(0,0)
(wx,8)(0,0)(0,0)(0,0)(0,mx)(a,0)(0,0)(0,0)(0,8)(0,0)(kx,0)(0,0)(0,gx)(0,0)(0,0)(qx,0)(0,ix)(0,0)(0,0)(0,0)
(wx,ax)(0,0)(0,0)(0,0)(0,g)(6x,0)(0,0)(0,0)(0,ex)(0,0)(k,0)(0,0)(0,g)(0,0)(0,0)(u,0)(0,g)(0,0)(0,0)(0,0)
(k,ax)(0,0)(0,0)(0,0)(0,8)(ux,0)(0,0)(0,0)(0,ox)(0,0)(a,0)(0,0)(0,8)(0,0)(0,0)(ix,0)(0,w)(0,0)(0,0)(0,0)
(a,8)(0,0)(0,0)(0,0)(0,g)(ux,0)(0,0)(0,0)(0,g)(0,0)(a,0)(0,0)(0,gx)(0,0)(0,0)(qx,0)(0,sx)(0,0)(0,0)(0,0)
(a,8)(0,0)(0,0)(0,0)(0,w)(mx,0)(0,0)(0,0)(0,8)(0,0)(k,0)(0,0)(0,6x)(0,0)(0,0)(qx,0)(0,sx)(0,0)(0,0)(0,0)
(k,8)(0,0)(0,0)(0,0)(0,w)(ex,0)(0,0)(0,0)(0,ex)(0,0)(k,0)(0,0)(0,8)(0,0)(0,0)(qx,0)(0,ix)(0,0)(0,0)(0,0)
(u,8)(0,0)(0,0)(0,0)(0,cx)(ex,0)(0,0)(0,0)(0,o)(0,0)(k,0)(0,0)(0,8)(0,0)(0,0)(k,0)(0,o)(0,0)(0,0)(0,0)
(a,ux)(0,0)(0,0)(0,0)(0,o)(a,0)(0,0)(0,0)(0,8)(0,0)(k,0)(0,0)(0,w)(0,0)(0,0)(ax,0)(0,g)(0,0)(0,0)(0,0)
(gx,ax)(0,0)(0,0)(0,0)(0,wx)(mx,0)(0,0)(0,0)(0,8)(0,0)(sx,0)(0,0)(0,6x)(0,0)(0,0)(ax,0)(0,sx)(0,0)(0,0)(0,0)
(a,kx)(0,0)(0,0)(0,0)(0,o)(k,0)(0,0)(0,0)(0,8)(0,0)(kx,0)(0,0)(0,gx)(0,0)(0,0)(ix,0)(0,o)(0,0)(0,0)(0,0)
(u,8)(0,0)(0,0)(0,0)(0,w)(6x,0)(0,0)(0,0)(0,8)(0,0)(k,0)(0,0)(0,8)(0,0)(0,0)(u,0)(0,ix)(0,0)(0,0)(0,0)
(a,kx)(0,0)(0,0)(0,0)(0,o)(u,0)(0,0)(0,0)(0,8)(0,0)(a,0)(0,0)(0,g)(0,0)(0,0)(qx,0)(0,g)(0,0)(0,0)(0,0)
(k,ax)(0,0)(0,0)(0,0)(0,g)(k,0)(0,0)(0,0)(0,g)(0,0)(sx,0)(0,0)(0,g)(0,0)(0,0)(qx,0)(0,8x)(0,0)(0,0)(0,0)
(gx,ax)(0,0)(0,0)(0,0)(0,cx)(mx,0)(0,0)(0,0)(0,ex)(0,0)(sx,0)(0,0)(0,g)(0,0)(0,0)(a,0)(0,w)(0,0)(0,0)(0,0)
(a,kx)(0,0)(0,0)(0,0)(0,8)(ux,0)(0,0)(0,0)(0,g)(0,0)(a,0)(0,0)(0,o)(0,0)(0,0)(yx,0)(0,8x)(0,0)(0,0)(0,0)
(8x,kx)(0,0)(0,0)(0,0)(0,8)(k,0)(0,0)(0,0)(0,g)(0,0)(u,0)(0,0)(0,gx)(0,0)(0,0)(ax,0)(0,w)(0,0)(0,0)(0,0)
(8x,g)(0,0)(0,0)(0,0)(0,mx)(a,0)(0,0)(0,0)(0,ox)(0,0)(u,0)(0,0)(0,8)(0,0)(0,0)(yx,0)(0,8)(0,0)(0,0)(0,0)
(a,kx)(0,0)(0,0)(0,0)(0,mx)(ex,0)(0,0)(0,0)(0,o)(0,0)(sx,0)(0,0)(0,8)(0,0)(0,0)(a,0)(0,o)(0,0)(0,0)(0,0)
(8x,kx)(0,0)(0,0)(0,0)(0,w)(k,0)(0,0)(0,0)(0,8)(0,0)(k,0)(0,0)(0,8)(0,0)(0,0)(k,0)(0,o)(0,0)(0,0)(0,0)
(8x,g)(0,0)(0,0)(0,0)(0,wx)(a,0)(0,0)(0,0)(0,g)(0,0)(a,0)(0,0)(0,g)(0,0)(0,0)(k,0)(0,w)(0,0)(0,0)(0,0)
(a,8)(0,0)(0,0)(0,0)(0,wx)(ex,0)(0,0)(0,0)(0,ex)(0,0)(kx,0)(0,0)(0,8)(0,0)(0,0)(qx,0)(0,sx)(0,0)(0,0)(0,0)
(a,ux)(0,0)(0,0)(0,0)(0,o)(a,0)(0,0)(0,0)(0,8)(0,0)(k,0)(0,0)(0,o)(0,0)(0,0)(ax,0)(0,o)(0,0)(0,0)(0,0)
(a,o)(0,0)(0,0)(0,0)(0,8)(mx,0)(0,0)(0,0)(0,ox)(0,0)(sx,0)(0,0)(0,6x)(0,0)(0,0)(ax,0)(0,sx)(0,0)(0,0)(0,0)
(a,kx)(0,0)(0,0)(0,0)(0,wx)(ex,0)(0,0)(0,0)(0,o)(0,0)(cx,0)(0,0)(0,6x)(0,0)(0,0)(ix,0)(0,o)(0,0)(0,0)(0,0)
(gx,ax)(0,0)(0,0)(0,0)(0,o)(k,0)(0,0)(0,0)(0,8)(0,0)(sx,0)(0,0)(0,gx)(0,0)(0,0)(u,0)(0,8)(0,0)(0,0)(0,0)
(a,kx)(0,0)(0,0)(0,0)(0,w)(6x,0)(0,0)(0,0)(0,g)(0,0)(a,0)(0,0)(0,o)(0,0)(0,0)(a,0)(0,w)(0,0)(0,0)(0,0)
(8x,o)(0,0)(0,0)(0,0)(0,o)(6x,0)(0,0)(0,0)(0,o)(0,0)(k,0)(0,0)(0,6x)(0,0)(0,0)(k,0)(0,sx)(0,0)(0,0)(0,0)
(a,o)(0,0)(0,0)(0,0)(0,cx)(ux,0)(0,0)(0,0)(0,g)(0,0)(a,0)(0,0)(0,gx)(0,0)(0,0)(qx,0)(0,g)(0,0)(0,0)(0,0)
(gx,8)(0,0)(0,0)(0,0)(0,o)(k,0)(0,0)(0,0)(0,8)(0,0)(u,0)(0,0)(0,g)(0,0)(0,0)(u,0)(0,8x)(0,0)(0,0)(0,0)
(8x,ux)(0,0)(0,0)(0,0)(0,8)(a,0)(0,0)(0,0)(0,yx)(0,0)(cx,0)(0,0)(0,gx)(0,0)(0,0)(ax,0)(0,w)(0,0)(0,0)(0,0)
(ox,8)(0,0)(0,0)(0,0)(0,mx)(6x,0)(0,0)(0,0)(0,yx)(0,0)(cx,0)(0,0)(0,g)(0,0)(0,0)(u,0)(0,8x)(0,0)(0,0)(0,0)
(wx,8)(0,0)(0,0)(0,0)(0,8)(a,0)(0,0)(0,0)(0,ex)(0,0)(u,0)(0,0)(0,g)(0,0)(0,0)(a,0)(0,w)(0,0)(0,0)(0,0)
(wx,ax)(0,0)(0,0)(0,0)(0,8)(a,0)(0,0)(0,0)(0,ex)(0,0)(kx,0)(0,0)(0,gx)(0,0)(0,0)(yx,0)(0,g)(0,0)(0,0)(0,0)
(k,8)(0,0)(0,0)(0,0)(0,g)(u,0)(0,0)(0,0)(0,ex)(0,0)(cx,0)(0,0)(0,g)(0,0)(0,0)(k,0)(0,o)(0,0)(0,0)(0,0)
(8x,o)(0,0)(0,0)(0,0)(0,cx)(ux,0)(0,0)(0,0)(0,g)(0,0)(k,0)(0,0)(0,6x)(0,0)(0,0)(qx,0)(0,ix)(0,0)(0,0)(0,0)
(a,o)(0,0)(0,0)(0,0)(0,wx)(a,0)(0,0)(0,0)(0,ex)(0,0)(cx,0)(0,0)(0,w)(0,0)(0,0)(ix,0)(0,8)(0,0)(0,0)(0,0)
(ox,8)(0,0)(0,0)(0,0)(0,w)(a,0)(0,0)(0,0)(0,ex)(0,0)(k,0)(0,0)(0,8)(0,0)(0,0)(k,0)(0,o)(0,0)(0,0)(0,0)
(gx,8)(0,0)(0,0)(0,0)(0,o)(k,0)(0,0)(0,0)(0,8)(0,0)(k,0)(0,0)(0,g)(0,0)(0,0)(k,0)(0,sx)(0,0)(0,0)(0,0)
(a,w)(0,0)(0,0)(0,0)(0,cx)(ex,0)(0,0)(0,0)(0,o)(0,0)(a,0)(0,0)(0,w)(0,0)(0,0)(a,0)(0,g)(0,0)(0,0)(0,0)
(a,o)(0,0)(0,0)(0,0)(0,w)(6x,0)(0,0)(0,0)(0,g)(0,0)(a,0)(0,0)(0,gx)(0,0)(0,0)(ix,0)(0,sx)(0,0)(0,0)(0,0)
(gx,8)(0,0)(0,0)(0,0)(0,g)(k,0)(0,0)(0,0)(0,o)(0,0)(u,0)(0,0)(0,8)(0,0)(0,0)(u,0)(0,8x)(0,0)(0,0)(0,0)
(a,w)(0,0)(0,0)(0,0)(0,cx)(ex,0)(0,0)(0,0)(0,o)(0,0)(a,0)(0,0)(0,o)(0,0)(0,0)(a,0)(0,o)(0,0)(0,0)(0,0)
(8x,o)(0,0)(0,0)(0,0)(0,mx)(6x,0)(0,0)(0,0)(0,ox)(0,0)(cx,0)(0,0)(0,g)(0,0)(0,0)(u,0)(0,ix)(0,0)(0,0)(0,0)
(ox,8)(0,0)(0,0)(0,0)(0,8)(mx,0)(0,0)(0,0)(0,yx)(0,0)(a,0)(0,0)(0,gx)(0,0)(0,0)(u,0)(0,8)(0,0)(0,0)(0,0)
(a,8)(0,0)(0,0)(0,0)(0,mx)(ux,0)(0,0)(0,0)(0,8)(0,0)(cx,0)(0,0)(0,gx)(0,0)(0,0)(u,0)(0,o)(0,0)(0,0)(0,0)
(8x,w)(0,0)(0,0)(0,0)(0,8)(a,0)(0,0)(0,0)(0,ox)(0,0)(u,0)(0,0)(0,6x)(0,0)(0,0)(ax,0)(0,w)(0,0)(0,0)(0,0)
(8x,ux)(0,0)(0,0)(0,0)(0,cx)(ex,0)(0,0)(0,0)(0,yx)(0,0)(cx,0)(0,0)(0,w)(0,0)(0,0)(ax,0)(0,8x)(0,0)(0,0)(0,0)
(8x,kx)(0,0)(0,0)(0,0)(0,w)(6x,0)(0,0)(0,0)(0,ox)(0,0)(cx,0)(0,0)(0,6x)(0,0)(0,0)(yx,0)(0,ix)(0,0)(0,0)(0,0)
(a,kx)(0,0)(0,0)(0,0)(0,w)(ex,0)(0,0)(0,0)(0,g)(0,0)(a,0)(0,0)(0,o)(0,0)(0,0)(a,0)(0,o)(0,0)(0,0)(0,0)
(gx,8)(0,0)(0,0)(0,0)(0,mx)(a,0)(0,0)(0,0)(0,ox)(0,0)(cx,0)(0,0)(0,qx)(0,0)(0,0)(yx,0)(0,8)(0,0)(0,0)(0,0)
(gx,ax)(0,0)(0,0)(0,0)(0,o)(ux,0)(0,0)(0,0)(0,8)(0,0)(a,0)(0,0)(0,gx)(0,0)(0,0)(u,0)(0,g)(0,0)(0,0)(0,0)
(a,g)(0,0)(0,0)(0,0)(0,o)(a,0)(0,0)(0,0)(0,ox)(0,0)(a,0)(0,0)(0,g)(0,0)(0,0)(ix,0)(0,w)(0,0)(0,0)(0,0)
(k,8)(0,0)(0,0)(0,0)(0,o)(6x,0)(0,0)(0,0)(0,ox)(0,0)(u,0)(0,0)(0,6x)(0,0)(0,0)(ax,0)(0,w)(0,0)(0,0)(0,0)
(a,8)(0,0)(0,0)(0,0)(0,o)(ex,0)(0,0)(0,0)(0,ox)(0,0)(kx,0)(0,0)(0,6x)(0,0)(0,0)(u,0)(0,o)(0,0)(0,0)(0,0)
(a,o)(0,0)(0,0)(0,0)(0,8)(ux,0)(0,0)(0,0)(0,g)(0,0)(sx,0)(0,0)(0,6x)(0,0)(0,0)(u,0)(0,8x)(0,0)(0,0)(0,0)
(a,g)(0,0)(0,0)(0,0)(0,o)(a,0)(0,0)(0,0)(0,ex)(0,0)(sx,0)(0,0)(0,g)(0,0)(0,0)(a,0)(0,w)(0,0)(0,0)(0,0)
(8x,ux)(0,0)(0,0)(0,0)(0,cx)(ux,0)(0,0)(0,0)(0,8)(0,0)(cx,0)(0,0)(0,gx)(0,0)(0,0)(k,0)(0,o)(0,0)(0,0)(0,0)
(8x,kx)(0,0)(0,0)(0,0)(0,wx)(k,0)(0,0)(0,0)(0,8)(0,0)(cx,0)(0,0)(0,g)(0,0)(0,0)(k,0)(0,o)(0,0)(0,0)(0,0)
(ox,8)(0,0)(0,0)(0,0)(0,o)(a,0)(0,0)(0,0)(0,ex)(0,0)(kx,0)(0,0)(0,qx)(0,0)(0,0)(a,0)(0,o)(0,0)(0,0)(0,0)
(u,ax)(0,0)(0,0)(0,0)(0,cx)(ex,0)(0,0)(0,0)(0,g)(0,0)(k,0)(0,0)(0,o)(0,0)(0,0)(ax,0)(0,o)(0,0)(0,0)(0,0)
(u,8)(0,0)(0,0)(0,0)(0,o)(a,0)(0,0)(0,0)(0,8)(0,0)(u,0)(0,0)(0,g)(0,0)(0,0)(qx,0)(0,8x)(0,0)(0,0)(0,0)
(ox,8)(0,0)(0,0)(0,0)(0,cx)(mx,0)(0,0)(0,0)(0,ex)(0,0)(k,0)(0,0)(0,g)(0,0)(0,0)(k,0)(0,o)(0,0)(0,0)(0,0)
(a,w)(0,0)(0,0)(0,0)(0,cx)(ex,0)(0,0)(0,0)(0,ex)(0,0)(sx,0)(0,0)(0,gx)(0,0)(0,0)(ax,0)(0,o)(0,0)(0,0)(0,0)
(8x,g)(0,0)(0,0)(0,0)(0,o)(a,0)(0,0)(0,0)(0,o)(0,0)(a,0)(0,0)(0,gx)(0,0)(0,0)(k,0)(0,w)(0,0)(0,0)(0,0)
(ox,ax)(0,0)(0,0)(0,0)(0,o)(a,0)(0,0)(0,0)(0,ex)(0,0)(kx,0)(0,0)(0,w)(0,0)(0,0)(ix,0)(0,8x)(0,0)(0,0)(0,0)
(gx,ax)(0,0)(0,0)(0,0)(0,cx)(k,0)(0,0)(0,0)(0,o)(0,0)(cx,0)(0,0)(0,o)(0,0)(0,0)(a,0)(0,w)(0,0)(0,0)(0,0)
(ox,8)(0,0)(0,0)(0,0)(0,8)(k,0)(0,0)(0,0)(0,yx)(0,0)(cx,0)(0,0)(0,gx)(0,0)(0,0)(u,0)(0,8)(0,0)(0,0)(0,0)
(8x,o)(0,0)(0,0)(0,0)(0,cx)(k,0)(0,0)(0,0)(0,yx)(0,0)(kx,0)(0,0)(0,8)(0,0)(0,0)(qx,0)(0,8x)(0,0)(0,0)(0,0)
(k,ax)(0,0)(0,0)(0,0)(0,o)(k,0)(0,0)(0,0)(0,8)(0,0)(kx,0)(0,0)(0,o)(0,0)(0,0)(a,0)(0,o)(0,0)(0,0)(0,0)
(ox,8)(0,0)(0,0)(0,0)(0,8)(ux,0)(0,0)(0,0)(0,ox)(0,0)(a,0)(0,0)(0,8)(0,0)(0,0)(k,0)(0,sx)(0,0)(0,0)(0,0)
(a,kx)(0,0)(0,0)(0,0)(0,wx)(ex,0)(0,0)(0,0)(0,o)(0,0)(cx,0)(0,0)(0,6x)(0,0)(0,0)(qx,0)(0,g)(0,0)(0,0)(0,0)
(a,g)(0,0)(0,0)(0,0)(0,g)(mx,0)(0,0)(0,0)(0,ex)(0,0)(sx,0)(0,0)(0,gx)(0,0)(0,0)(u,0)(0,8)(0,0)(0,0)(0,0)
(a,g)(0,0)(0,0)(0,0)(0,mx)(ex,0)(0,0)(0,0)(0,o)(0,0)(k,0)(0,0)(0,8)(0,0)(0,0)(ix,0)(0,sx)(0,0)(0,0)(0,0)
(k,8)(0,0)(0,0)(0,0)(0,g)(k,0)(0,0)(0,0)(0,yx)(0,0)(k,0)(0,0)(0,8)(0,0)(0,0)(ax,0)(0,o)(0,0)(0,0)(0,0)
(a,w)(0,0)(0,0)(0,0)(0,cx)(k,0)(0,0)(0,0)(0,8)(0,0)(kx,0)(0,0)(0,w)(0,0)(0,0)(a,0)(0,g)(0,0)(0,0)(0,0)
(a,kx)(0,0)(0,0)(0,0)(0,8)(u,0)(0,0)(0,0)(0,o)(0,0)(a,0)(0,0)(0,8)(0,0)(0,0)(yx,0)(0,g)(0,0)(0,0)(0,0)
(a,o)(0,0)(0,0)(0,0)(0,cx)(k,0)(0,0)(0,0)(0,ox)(0,0)(kx,0)(0,0)(0,8)(0,0)(0,0)(ix,0)(0,o)(0,0)(0,0)(0,0)
(ox,8)(0,0)(0,0)(0,0)(0,cx)(mx,0)(0,0)(0,0)(0,ex)(0,0)(kx,0)(0,0)(0,gx)(0,0)(0,0)(k,0)(0,o)(0,0)(0,0)(0,0)
(ox,ax)(0,0)(0,0)(0,0)(0,cx)(mx,0)(0,0)(0,0)(0,ox)(0,0)(a,0)(0,0)(0,o)(0,0)(0,0)(ax,0)(0,o)(0,0)(0,0)(0,0)
(8x,ax)(0,0)(0,0)(0,0)(0,mx)(6x,0)(0,0)(0,0)(0,o)(0,0)(k,0)(0,0)(0,8)(0,0)(0,0)(yx,0)(0,sx)(0,0)(0,0)(0,0)
(gx,8)(0,0)(0,0)(0,0)(0,o)(ux,0)(0,0)(0,0)(0,8)(0,0)(k,0)(0,0)(0,6x)(0,0)(0,0)(u,0)(0,ix)(0,0)(0,0)(0,0)
(8x,kx)(0,0)(0,0)(0,0)(0,g)(ux,0)(0,0)(0,0)(0,g)(0,0)(a,0)(0,0)(0,qx)(0,0)(0,0)(qx,0)(0,8x)(0,0)(0,0)(0,0)
(a,w)(0,0)(0,0)(0,0)(0,cx)(ex,0)(0,0)(0,0)(0,ex)(0,0)(kx,0)(0,0)(0,w)(0,0)(0,0)(a,0)(0,g)(0,0)(0,0)(0,0)