#total=3284
(cx,ox)(8,0)(0,0)(0,6x)(0,0)(8x,0)(8,kx)(0,0)(0,0)(0,6)(ax,0)(0,0)(6,c)(0,0)(0,0)
(ox,c)(8,0)(0,0)(0,6x)(0,0)(kx,0)(8,6)(0,0)(0,0)(0,ex)(gx,0)(0,0)(0,6x)(0,0)(0,0)
(ox,u)(8,0)(0,0)(0,6)(0,0)(8x,0)(0,8x)(0,0)(0,0)(0,i)(a,0)(0,0)(0,8x)(0,0)(0,0)
(ix,kx)(8,0)(0,0)(0,6)(0,0)(ex,0)(0,o)(0,0)(0,0)(0,c)(a,0)(0,0)(0,8x)(0,0)(0,0)
(ox,c)(8,0)(0,0)(0,8x)(0,0)(k,0)(0,6)(6,0)(0,0)(0,c)(gx,0)(0,0)(0,8x)(0,0)(0,0)
(u,c)(8,0)(0,0)(0,qx)(0,0)(8x,0)(0,8x)(0,0)(0,0)(0,6)(ax,0)(0,0)(0,c)(0,0)(0,0)
(ux,ex)(8,0)(0,0)(0,6)(0,0)(8x,0)(0,ix)(6,0)(0,0)(0,6)(gx,0)(0,0)(0,8x)(0,0)(0,0)
(cx,ex)(8,0)(0,0)(0,ix)(0,0)(8x,0)(0,c)(6,0)(0,0)(0,c)(gx,0)(0,0)(6,8x)(0,0)(0,0)
(ox,i)(8,0)(0,0)(0,6)(0,0)(a,0)(0,kx)(0,0)(0,0)(0,cx)(gx,0)(0,0)(0,6)(0,0)(0,0)
(cx,o)(8,0)(0,0)(0,ex)(0,0)(8x,0)(0,ix)(0,0)(0,0)(0,i)(ax,0)(0,0)(0,8x)(0,0)(0,0)
(k,c)(8,0)(0,0)(0,c)(0,0)(ex,0)(0,kx)(0,0)(0,0)(0,6x)(ax,0)(0,0)(6,c)(0,0)(0,0)
(cx,ex)(8,0)(0,0)(0,c)(0,0)(kx,0)(0,o)(6,0)(0,0)(0,6)(a,0)(0,0)(0,8x)(0,0)(0,0)
(cx,i)(8,0)(0,0)(0,ex)(0,0)(ex,0)(0,o)(0,0)(0,0)(0,6x)(ax,0)(0,0)(6,8x)(0,0)(0,0)
(k,c)(8,0)(0,0)(0,ox)(0,0)(ex,0)(0,6)(0,0)(0,0)(0,ex)(ax,0)(0,0)(0,c)(0,0)(0,0)
(ix,ex)(8,0)(0,0)(0,6)(0,0)(ex,0)(0,o)(6,0)(0,0)(0,6x)(ax,0)(0,0)(6,8x)(0,0)(0,0)
(cx,ex)(8,0)(0,0)(0,qx)(0,0)(qx,0)(0,6)(6,0)(0,0)(0,6)(a,0)(0,0)(0,6)(0,0)(0,0)
(cx,kx)(8,0)(0,0)(0,u)(0,0)(8x,0)(0,i)(0,0)(0,0)(0,6)(a,0)(0,0)(0,8x)(0,0)(0,0)
(cx,o)(8,0)(0,0)(0,ex)(0,0)(8x,0)(0,kx)(0,0)(0,0)(0,6x)(gx,0)(0,0)(6,6)(0,0)(0,0)
(cx,kx)(8,0)(0,0)(0,qx)(0,0)(ex,0)(0,6)(0,0)(0,0)(0,i)(a,0)(0,0)(0,6)(0,0)(0,0)
(k,ox)(8,0)(0,0)(0,6)(0,0)(ex,0)(0,6)(0,0)(0,0)(0,ex)(gx,0)(0,0)(6,6)(0,0)(0,0)
(ox,ex)(8,0)(0,0)(0,6)(0,0)(8x,0)(0,ax)(6,0)(0,0)(0,i)(ax,0)(8,0)(0,8x)(0,0)(0,0)
(ix,c)(8,0)(0,0)(0,ex)(0,0)(ex,0)(0,i)(0,0)(0,0)(0,i)(a,0)(0,0)(0,8x)(0,0)(0,0)
(ix,c)(8,0)(0,0)(0,i)(0,0)(a,0)(0,ix)(0,0)(0,0)(0,ex)(ax,0)(0,0)(0,c)(0,0)(0,0)
(cx,ex)(8,0)(0,0)(0,c)(0,0)(kx,0)(0,ax)(6,0)(0,0)(0,6)(gx,0)(8,0)(0,8x)(0,0)(0,0)
(ix,ex)(8,0)(0,0)(0,6)(0,0)(k,0)(0,i)(6,0)(0,0)(0,6)(gx,0)(0,0)(0,8x)(0,0)(0,0)
(ix,c)(8,0)(0,0)(0,8x)(0,0)(qx,0)(0,kx)(6,0)(0,0)(0,6)(ax,0)(0,0)(0,6x)(0,0)(0,0)
(cx,kx)(8,0)(0,0)(0,qx)(0,0)(qx,0)(0,6)(0,0)(0,0)(0,6)(a,0)(0,0)(0,6)(0,0)(0,0)
(cx,cx)(8,0)(0,0)(0,i)(0,0)(k,0)(8,6)(0,0)(0,0)(0,i)(ax,0)(0,0)(0,8x)(0,0)(0,0)
(u,ex)(8,0)(0,0)(0,6)(0,0)(8x,0)(0,o)(6,0)(0,0)(0,6)(ax,0)(0,0)(0,8x)(0,0)(0,0)
(cx,cx)(8,0)(0,0)(0,qx)(0,0)(8x,0)(8,i)(0,0)(0,0)(0,6)(a,0)(0,0)(0,c)(0,0)(0,0)
(ux,ex)(8,0)(0,0)(0,6)(0,0)(8x,0)(0,o)(6,0)(0,0)(0,6)(a,0)(0,0)(0,8x)(0,0)(0,0)
(cx,i)(8,0)(0,0)(0,6x)(0,0)(k,0)(8,c)(0,0)(0,0)(0,i)(ax,0)(0,0)(0,8x)(0,0)(0,0)
(ix,c)(8,0)(0,0)(0,ex)(0,0)(k,0)(0,c)(0,0)(0,0)(0,ex)(gx,0)(0,0)(0,6)(0,0)(0,0)
(cx,u)(8,0)(0,0)(0,8x)(0,0)(8x,0)(0,cx)(6,0)(0,0)(0,6)(gx,0)(0,0)(6,8x)(0,0)(0,0)
(cx,i)(8,0)(0,0)(0,8x)(0,0)(kx,0)(0,kx)(6,0)(0,0)(0,6)(gx,0)(0,0)(0,6x)(0,0)(0,0)
(k,c)(8,0)(0,0)(0,u)(0,0)(8x,0)(0,c)(0,0)(0,0)(0,ex)(a,0)(0,0)(0,6)(0,0)(0,0)
(ix,c)(8,0)(0,0)(0,6x)(0,0)(k,0)(8,c)(0,0)(0,0)(0,c)(gx,0)(0,0)(0,8x)(0,0)(0,0)
(ux,c)(8,0)(0,0)(0,8x)(0,0)(8x,0)(0,kx)(6,0)(0,0)(0,6)(a,0)(0,0)(0,c)(0,0)(0,0)
(cx,kx)(8,0)(0,0)(0,c)(0,0)(ex,0)(0,ix)(0,0)(0,0)(0,ex)(gx,0)(0,0)(0,6)(0,0)(0,0)
(cx,i)(8,0)(0,0)(0,6x)(0,0)(qx,0)(8,cx)(0,0)(0,0)(0,6)(ax,0)(0,0)(6,8x)(0,0)(0,0)
(ix,c)(8,0)(0,0)(0,8x)(0,0)(kx,0)(0,ax)(6,0)(0,0)(0,6)(gx,0)(8,0)(0,8x)(0,0)(0,0)
(ix,c)(8,0)(0,0)(0,u)(0,0)(a,0)(0,c)(0,0)(0,0)(0,ex)(ax,0)(0,0)(0,6x)(0,0)(0,0)
(ox,c)(8,0)(0,0)(0,ex)(0,0)(qx,0)(0,6)(0,0)(0,0)(0,6x)(ax,0)(0,0)(6,8x)(0,0)(0,0)
(cx,kx)(8,0)(0,0)(0,ix)(0,0)(8x,0)(0,kx)(0,0)(0,0)(0,6)(ax,0)(0,0)(6,c)(0,0)(0,0)
(ox,c)(8,0)(0,0)(0,ex)(0,0)(kx,0)(0,6)(0,0)(0,0)(0,ex)(gx,0)(0,0)(0,6x)(0,0)(0,0)
(cx,cx)(8,0)(0,0)(0,c)(0,0)(ex,0)(8,ax)(0,0)(0,0)(0,i)(ax,0)(8,0)(0,8x)(0,0)(0,0)
(ux,c)(8,0)(0,0)(0,ex)(0,0)(8x,0)(0,c)(0,0)(0,0)(0,ex)(gx,0)(0,0)(0,6x)(0,0)(0,0)
(ox,cx)(8,0)(0,0)(0,6)(0,0)(kx,0)(8,6)(0,0)(0,0)(0,ex)(gx,0)(0,0)(0,6x)(0,0)(0,0)
(cx,ux)(8,0)(0,0)(0,8x)(0,0)(kx,0)(0,6)(6,0)(0,0)(0,6)(gx,0)(0,0)(0,8x)(0,0)(0,0)
(ix,c)(8,0)(0,0)(0,ex)(0,0)(qx,0)(0,i)(0,0)(0,0)(0,6)(a,0)(0,0)(0,8x)(0,0)(0,0)
(cx,i)(8,0)(0,0)(0,ex)(0,0)(kx,0)(0,c)(0,0)(0,0)(0,cx)(gx,0)(0,0)(0,8x)(0,0)(0,0)
(ix,ex)(8,0)(0,0)(0,6)(0,0)(ex,0)(0,ax)(6,0)(0,0)(0,c)(gx,0)(8,0)(0,8x)(0,0)(0,0)
(cx,cx)(8,0)(0,0)(0,o)(0,0)(ex,0)(8,6)(0,0)(0,0)(0,6x)(gx,0)(0,0)(6,8x)(0,0)(0,0)
(cx,o)(8,0)(0,0)(0,c)(0,0)(a,0)(0,cx)(0,0)(0,0)(0,i)(ax,0)(0,0)(6,8x)(0,0)(0,0)
(k,c)(8,0)(0,0)(0,i)(0,0)(8x,0)(0,i)(0,0)(0,0)(0,ex)(gx,0)(0,0)(0,6x)(0,0)(0,0)
(u,i)(8,0)(0,0)(0,6)(0,0)(a,0)(0,i)(0,0)(0,0)(0,6)(gx,0)(0,0)(0,8x)(0,0)(0,0)
(k,c)(8,0)(0,0)(0,qx)(0,0)(ex,0)(0,6)(0,0)(0,0)(0,cx)(ax,0)(0,0)(0,c)(0,0)(0,0)
(ox,ex)(8,0)(0,0)(0,6)(0,0)(8x,0)(0,ax)(6,0)(0,0)(0,ex)(gx,0)(8,0)(0,6)(0,0)(0,0)
(ox,i)(8,0)(0,0)(0,6)(0,0)(a,0)(0,kx)(0,0)(0,0)(0,c)(gx,0)(0,0)(0,6x)(0,0)(0,0)
(cx,i)(8,0)(0,0)(0,i)(0,0)(a,0)(0,kx)(0,0)(0,0)(0,i)(a,0)(0,0)(0,6)(0,0)(0,0)
(ux,c)(8,0)(0,0)(0,6x)(0,0)(8x,0)(8,c)(0,0)(0,0)(0,i)(a,0)(0,0)(0,8x)(0,0)(0,0)
(k,c)(8,0)(0,0)(0,u)(0,0)(8x,0)(0,i)(0,0)(0,0)(0,6)(a,0)(0,0)(0,8x)(0,0)(0,0)
(ux,cx)(8,0)(0,0)(0,6)(0,0)(8x,0)(8,c)(0,0)(0,0)(0,cx)(gx,0)(0,0)(0,8x)(0,0)(0,0)
(ox,c)(8,0)(0,0)(0,ix)(0,0)(a,0)(0,6)(0,0)(0,0)(0,i)(ax,0)(0,0)(6,8x)(0,0)(0,0)
(cx,o)(8,0)(0,0)(0,ex)(0,0)(kx,0)(0,6)(0,0)(0,0)(0,i)(a,0)(0,0)(0,8x)(0,0)(0,0)
(ox,cx)(8,0)(0,0)(0,6)(0,0)(8x,0)(8,ax)(0,0)(0,0)(0,ex)(gx,0)(8,0)(0,6)(0,0)(0,0)
(ix,c)(8,0)(0,0)(0,i)(0,0)(a,0)(0,ix)(0,0)(0,0)(0,ex)(gx,0)(0,0)(0,6)(0,0)(0,0)
(ix,c)(8,0)(0,0)(0,6x)(0,0)(kx,0)(8,c)(0,0)(0,0)(0,6x)(gx,0)(0,0)(6,8x)(0,0)(0,0)
(k,c)(8,0)(0,0)(0,i)(0,0)(k,0)(0,6)(0,0)(0,0)(0,ex)(gx,0)(0,0)(0,6)(0,0)(0,0)
(k,i)(8,0)(0,0)(0,6)(0,0)(ex,0)(0,kx)(0,0)(0,0)(0,c)(gx,0)(0,0)(0,6x)(0,0)(0,0)
(cx,o)(8,0)(0,0)(0,u)(0,0)(a,0)(0,6)(0,0)(0,0)(0,cx)(ax,0)(0,0)(0,8x)(0,0)(0,0)
(ox,c)(8,0)(0,0)(0,6x)(0,0)(8x,0)(8,kx)(0,0)(0,0)(0,i)(ax,0)(0,0)(0,6x)(0,0)(0,0)
(ux,c)(8,0)(0,0)(0,8x)(0,0)(qx,0)(0,6)(6,0)(0,0)(0,6)(a,0)(0,0)(0,8x)(0,0)(0,0)
(ix,ux)(8,0)(0,0)(0,6)(0,0)(a,0)(0,c)(0,0)(0,0)(0,c)(gx,0)(0,0)(0,8x)(0,0)(0,0)
(ox,c)(8,0)(0,0)(0,o)(0,0)(8x,0)(0,8x)(0,0)(0,0)(0,i)(a,0)(0,0)(0,8x)(0,0)(0,0)
(cx,kx)(8,0)(0,0)(0,c)(0,0)(kx,0)(0,kx)(0,0)(0,0)(0,6)(gx,0)(0,0)(0,6x)(0,0)(0,0)
(cx,i)(8,0)(0,0)(0,ex)(0,0)(kx,0)(0,cx)(0,0)(0,0)(0,6)(gx,0)(0,0)(6,8x)(0,0)(0,0)
(ox,kx)(8,0)(0,0)(0,6)(0,0)(8x,0)(0,cx)(0,0)(0,0)(0,i)(ax,0)(0,0)(6,8x)(0,0)(0,0)
(k,c)(8,0)(0,0)(0,qx)(0,0)(kx,0)(0,6)(0,0)(0,0)(0,6)(gx,0)(0,0)(0,6x)(0,0)(0,0)
(cx,cx)(8,0)(0,0)(0,c)(0,0)(k,0)(8,c)(0,0)(0,0)(0,c)(gx,0)(0,0)(0,8x)(0,0)(0,0)
(cx,cx)(8,0)(0,0)(0,c)(0,0)(kx,0)(8,kx)(0,0)(0,0)(0,6)(a,0)(0,0)(0,c)(0,0)(0,0)
(cx,o)(8,0)(0,0)(0,6x)(0,0)(8x,0)(8,i)(0,0)(0,0)(0,6x)(gx,0)(0,0)(6,8x)(0,0)(0,0)
(u,ex)(8,0)(0,0)(0,6)(0,0)(ex,0)(0,6)(6,0)(0,0)(0,ex)(gx,0)(0,0)(0,6)(0,0)(0,0)
(k,c)(8,0)(0,0)(0,c)(0,0)(ex,0)(0,i)(0,0)(0,0)(0,ex)(a,0)(0,0)(0,c)(0,0)(0,0)
(ix,ux)(8,0)(0,0)(0,6)(0,0)(ex,0)(0,8x)(0,0)(0,0)(0,i)(ax,0)(0,0)(0,8x)(0,0)(0,0)
(ux,c)(8,0)(0,0)(0,6x)(0,0)(8x,0)(8,kx)(0,0)(0,0)(0,6)(gx,0)(0,0)(0,6x)(0,0)(0,0)
(cx,kx)(8,0)(0,0)(0,c)(0,0)(qx,0)(0,kx)(0,0)(0,0)(0,6)(ax,0)(0,0)(0,6x)(0,0)(0,0)
(cx,ex)(8,0)(0,0)(0,i)(0,0)(8x,0)(0,kx)(6,0)(0,0)(0,6x)(ax,0)(0,0)(6,c)(0,0)(0,0)
(ix,c)(8,0)(0,0)(0,ex)(0,0)(k,0)(0,c)(0,0)(0,0)(0,ex)(ax,0)(0,0)(0,c)(0,0)(0,0)
(k,i)(8,0)(0,0)(0,6)(0,0)(kx,0)(0,c)(0,0)(0,0)(0,ex)(a,0)(0,0)(0,c)(0,0)(0,0)
(cx,kx)(8,0)(0,0)(0,qx)(0,0)(8x,0)(0,c)(0,0)(0,0)(0,cx)(gx,0)(0,0)(0,6)(0,0)(0,0)
(ix,c)(8,0)(0,0)(0,i)(0,0)(k,0)(0,8x)(0,0)(0,0)(0,c)(gx,0)(0,0)(0,8x)(0,0)(0,0)
(ox,c)(8,0)(0,0)(0,8x)(0,0)(8x,0)(0,o)(6,0)(0,0)(0,ex)(ax,0)(0,0)(0,6x)(0,0)(0,0)
(cx,ex)(8,0)(0,0)(0,ix)(0,0)(8x,0)(0,c)(6,0)(0,0)(0,i)(ax,0)(0,0)(6,8x)(0,0)(0,0)
(cx,o)(8,0)(0,0)(0,c)(0,0)(qx,0)(0,8x)(0,0)(0,0)(0,ex)(ax,0)(0,0)(0,6x)(0,0)(0,0)
(ux,i)(8,0)(0,0)(0,6)(0,0)(ex,0)(0,8x)(0,0)(0,0)(0,ex)(gx,0)(0,0)(0,6x)(0,0)(0,0)
(ox,cx)(8,0)(0,0)(0,6)(0,0)(qx,0)(8,6)(0,0)(0,0)(0,6x)(ax,0)(0,0)(6,8x)(0,0)(0,0)
(ux,c)(8,0)(0,0)(0,i)(0,0)(a,0)(0,6)(0,0)(0,0)(0,cx)(gx,0)(0,0)(0,8x)(0,0)(0,0)
(ux,c)(8,0)(0,0)(0,8x)(0,0)(ex,0)(0,6)(6,0)(0,0)(0,ex)(a,0)(0,0)(0,c)(0,0)(0,0)
(k,o)(8,0)(0,0)(0,6)(0,0)(8x,0)(0,i)(0,0)(0,0)(0,cx)(gx,0)(0,0)(0,8x)(0,0)(0,0)
(cx,i)(8,0)(0,0)(0,qx)(0,0)(a,0)(0,o)(0,0)(0,0)(0,6)(a,0)(0,0)(0,6)(0,0)(0,0)
(cx,i)(8,0)(0,0)(0,qx)(0,0)(kx,0)(0,8x)(0,0)(0,0)(0,6)(gx,0)(0,0)(0,6x)(0,0)(0,0)
(ix,o)(8,0)(0,0)(0,6)(0,0)(a,0)(0,cx)(0,0)(0,0)(0,i)(ax,0)(0,0)(6,8x)(0,0)(0,0)
(cx,o)(8,0)(0,0)(0,8x)(0,0)(qx,0)(0,6)(6,0)(0,0)(0,6x)(ax,0)(0,0)(6,8x)(0,0)(0,0)
(cx,mx)(8,0)(0,0)(0,8x)(0,0)(8x,0)(0,o)(6,0)(0,0)(0,6)(ax,0)(8,0)(0,8x)(0,0)(0,0)
(ix,c)(8,0)(0,0)(0,6x)(0,0)(ex,0)(8,ix)(0,0)(0,0)(0,ex)(gx,0)(0,0)(0,6)(0,0)(0,0)
(k,c)(8,0)(0,0)(0,i)(0,0)(qx,0)(0,6)(0,0)(0,0)(0,6x)(ax,0)(0,0)(6,8x)(0,0)(0,0)
(ox,c)(8,0)(0,0)(0,8x)(0,0)(8x,0)(0,o)(6,0)(0,0)(0,cx)(ax,0)(0,0)(0,8x)(0,0)(0,0)
(ix,c)(8,0)(0,0)(0,qx)(0,0)(k,0)(0,8x)(0,0)(0,0)(0,6)(ax,0)(0,0)(0,c)(0,0)(0,0)
(cx,o)(8,0)(0,0)(0,c)(0,0)(qx,0)(0,8x)(0,0)(0,0)(0,6x)(ax,0)(0,0)(6,8x)(0,0)(0,0)
(cx,ex)(8,0)(0,0)(0,o)(0,0)(ex,0)(0,6)(6,0)(0,0)(0,i)(a,0)(0,0)(0,8x)(0,0)(0,0)
(ux,c)(8,0)(0,0)(0,ex)(0,0)(qx,0)(0,6)(0,0)(0,0)(0,6)(a,0)(0,0)(0,8x)(0,0)(0,0)
(ix,c)(8,0)(0,0)(0,6x)(0,0)(ex,0)(8,cx)(0,0)(0,0)(0,i)(ax,0)(0,0)(6,8x)(0,0)(0,0)
(ix,c)(8,0)(0,0)(0,gx)(0,0)(a,0)(0,o)(0,0)(0,0)(0,6)(ax,0)(8,0)(0,8x)(0,0)(0,0)
(ix,ex)(8,0)(0,0)(0,6)(0,0)(ex,0)(0,i)(6,0)(0,0)(0,6x)(gx,0)(0,0)(6,8x)(0,0)(0,0)
(cx,i)(8,0)(0,0)(0,8x)(0,0)(k,0)(0,c)(6,0)(0,0)(0,i)(ax,0)(0,0)(0,8x)(0,0)(0,0)
(ox,i)(8,0)(0,0)(0,6)(0,0)(a,0)(0,o)(0,0)(0,0)(0,cx)(ax,0)(0,0)(0,8x)(0,0)(0,0)
(cx,mx)(8,0)(0,0)(0,qx)(0,0)(8x,0)(0,8x)(0,0)(0,0)(0,6)(gx,0)(8,0)(0,6)(0,0)(0,0)
(ix,c)(8,0)(0,0)(0,ix)(0,0)(a,0)(0,o)(0,0)(0,0)(0,6)(ax,0)(0,0)(6,8x)(0,0)(0,0)
(ux,ex)(8,0)(0,0)(0,6)(0,0)(8x,0)(0,kx)(6,0)(0,0)(0,6)(a,0)(0,0)(0,c)(0,0)(0,0)
(cx,cx)(8,0)(0,0)(0,qx)(0,0)(8x,0)(8,ix)(0,0)(0,0)(0,6)(gx,0)(0,0)(0,6)(0,0)(0,0)
(ix,ox)(8,0)(0,0)(0,6)(0,0)(a,0)(0,c)(0,0)(0,0)(0,ex)(gx,0)(0,0)(6,6)(0,0)(0,0)
(k,ux)(8,0)(0,0)(0,6)(0,0)(ex,0)(0,6)(0,0)(0,0)(0,c)(gx,0)(0,0)(0,8x)(0,0)(0,0)
(cx,ex)(8,0)(0,0)(0,o)(0,0)(8x,0)(0,ix)(6,0)(0,0)(0,6)(gx,0)(0,0)(0,8x)(0,0)(0,0)
(cx,i)(8,0)(0,0)(0,6x)(0,0)(ex,0)(8,o)(0,0)(0,0)(0,ex)(ax,0)(0,0)(0,6x)(0,0)(0,0)
(cx,ox)(8,0)(0,0)(0,c)(0,0)(a,0)(0,c)(0,0)(0,0)(0,ex)(ax,0)(0,0)(6,c)(0,0)(0,0)
(cx,ux)(8,0)(0,0)(0,i)(0,0)(a,0)(0,6)(0,0)(0,0)(0,i)(ax,0)(0,0)(0,8x)(0,0)(0,0)
(ux,c)(8,0)(0,0)(0,i)(0,0)(8x,0)(0,8x)(0,0)(0,0)(0,ex)(gx,0)(0,0)(0,6x)(0,0)(0,0)
(cx,ex)(8,0)(0,0)(0,qx)(0,0)(8x,0)(0,c)(6,0)(0,0)(0,cx)(gx,0)(0,0)(0,6)(0,0)(0,0)
(ix,c)(8,0)(0,0)(0,ix)(0,0)(a,0)(0,kx)(0,0)(0,0)(0,6)(gx,0)(0,0)(6,6)(0,0)(0,0)
(cx,o)(8,0)(0,0)(0,qx)(0,0)(a,0)(0,6)(0,0)(0,0)(0,c)(a,0)(0,0)(0,c)(0,0)(0,0)
(cx,u)(8,0)(0,0)(0,8x)(0,0)(8x,0)(0,kx)(6,0)(0,0)(0,6)(gx,0)(0,0)(0,6x)(0,0)(0,0)
(ix,c)(8,0)(0,0)(0,gx)(0,0)(ex,0)(0,8x)(0,0)(0,0)(0,i)(ax,0)(8,0)(0,8x)(0,0)(0,0)
(cx,cx)(8,0)(0,0)(0,i)(0,0)(8x,0)(8,o)(0,0)(0,0)(0,ex)(a,0)(0,0)(0,6)(0,0)(0,0)
(k,u)(8,0)(0,0)(0,6)(0,0)(ex,0)(0,6)(0,0)(0,0)(0,i)(a,0)(0,0)(0,8x)(0,0)(0,0)
(cx,o)(8,0)(0,0)(0,ex)(0,0)(qx,0)(0,6)(0,0)(0,0)(0,6x)(ax,0)(0,0)(6,8x)(0,0)(0,0)
(cx,kx)(8,0)(0,0)(0,c)(0,0)(ex,0)(0,kx)(0,0)(0,0)(0,cx)(gx,0)(0,0)(0,6)(0,0)(0,0)
(ix,ex)(8,0)(0,0)(0,6)(0,0)(ex,0)(0,cx)(6,0)(0,0)(0,i)(ax,0)(0,0)(6,8x)(0,0)(0,0)
(ux,c)(8,0)(0,0)(0,ex)(0,0)(ex,0)(0,6)(0,0)(0,0)(0,cx)(gx,0)(0,0)(0,8x)(0,0)(0,0)
(cx,o)(8,0)(0,0)(0,8x)(0,0)(kx,0)(0,6)(6,0)(0,0)(0,cx)(gx,0)(0,0)(0,8x)(0,0)(0,0)
(u,c)(8,0)(0,0)(0,ex)(0,0)(8x,0)(0,c)(0,0)(0,0)(0,i)(ax,0)(0,0)(0,8x)(0,0)(0,0)
(cx,o)(8,0)(0,0)(0,ex)(0,0)(8x,0)(0,ax)(0,0)(0,0)(0,ex)(gx,0)(8,0)(0,6)(0,0)(0,0)
(ix,ex)(8,0)(0,0)(0,6)(0,0)(kx,0)(0,kx)(6,0)(0,0)(0,6)(a,0)(0,0)(0,c)(0,0)(0,0)
(ix,c)(8,0)(0,0)(0,6x)(0,0)(k,0)(8,kx)(0,0)(0,0)(0,6)(ax,0)(0,0)(0,c)(0,0)(0,0)
(cx,ex)(8,0)(0,0)(0,ox)(0,0)(8x,0)(0,c)(6,0)(0,0)(0,ex)(gx,0)(0,0)(0,6)(0,0)(0,0)
(cx,i)(8,0)(0,0)(0,6x)(0,0)(ex,0)(8,i)(0,0)(0,0)(0,6x)(gx,0)(0,0)(6,8x)(0,0)(0,0)
(ix,c)(8,0)(0,0)(0,i)(0,0)(a,0)(0,kx)(0,0)(0,0)(0,i)(ax,0)(0,0)(0,6x)(0,0)(0,0)
(k,i)(8,0)(0,0)(0,6)(0,0)(ex,0)(0,o)(0,0)(0,0)(0,cx)(ax,0)(0,0)(0,8x)(0,0)(0,0)
(ix,cx)(8,0)(0,0)(0,6)(0,0)(ex,0)(8,i)(0,0)(0,0)(0,ex)(a,0)(0,0)(0,c)(0,0)(0,0)
(k,c)(8,0)(0,0)(0,o)(0,0)(8x,0)(0,kx)(0,0)(0,0)(0,6)(gx,0)(0,0)(0,6x)(0,0)(0,0)
(ix,ex)(8,0)(0,0)(0,6)(0,0)(ex,0)(0,ax)(6,0)(0,0)(0,ex)(gx,0)(8,0)(0,6)(0,0)(0,0)
(ox,i)(8,0)(0,0)(0,6)(0,0)(kx,0)(0,8x)(0,0)(0,0)(0,ex)(a,0)(0,0)(0,c)(0,0)(0,0)
(ux,c)(8,0)(0,0)(0,ex)(0,0)(k,0)(0,6)(0,0)(0,0)(0,6)(gx,0)(0,0)(0,8x)(0,0)(0,0)
(cx,i)(8,0)(0,0)(0,6x)(0,0)(ex,0)(8,ax)(0,0)(0,0)(0,c)(gx,0)(8,0)(0,8x)(0,0)(0,0)
(ux,o)(8,0)(0,0)(0,6)(0,0)(8x,0)(0,8x)(0,0)(0,0)(0,ex)(a,0)(0,0)(0,c)(0,0)(0,0)
(u,kx)(8,0)(0,0)(0,6)(0,0)(8x,0)(0,c)(0,0)(0,0)(0,c)(gx,0)(0,0)(0,8x)(0,0)(0,0)
(ix,cx)(8,0)(0,0)(0,6)(0,0)(ex,0)(8,cx)(0,0)(0,0)(0,ex)(gx,0)(0,0)(6,6)(0,0)(0,0)
(cx,i)(8,0)(0,0)(0,qx)(0,0)(a,0)(0,ix)(0,0)(0,0)(0,6)(gx,0)(0,0)(0,6)(0,0)(0,0)
(cx,ox)(8,0)(0,0)(0,qx)(0,0)(8x,0)(0,8x)(0,0)(0,0)(0,6)(ax,0)(0,0)(6,c)(0,0)(0,0)
(cx,ex)(8,0)(0,0)(0,ox)(0,0)(ex,0)(0,6)(6,0)(0,0)(0,c)(gx,0)(0,0)(0,8x)(0,0)(0,0)
(k,c)(8,0)(0,0)(0,c)(0,0)(kx,0)(0,c)(0,0)(0,0)(0,6x)(gx,0)(0,0)(6,8x)(0,0)(0,0)
(cx,o)(8,0)(0,0)(0,8x)(0,0)(8x,0)(0,kx)(6,0)(0,0)(0,6x)(ax,0)(0,0)(6,c)(0,0)(0,0)
(cx,i)(8,0)(0,0)(0,u)(0,0)(a,0)(0,cx)(0,0)(0,0)(0,6)(ax,0)(0,0)(6,8x)(0,0)(0,0)
(cx,cx)(8,0)(0,0)(0,i)(0,0)(8x,0)(8,cx)(0,0)(0,0)(0,ex)(gx,0)(0,0)(6,6)(0,0)(0,0)
(ix,c)(8,0)(0,0)(0,6x)(0,0)(qx,0)(8,c)(0,0)(0,0)(0,6x)(ax,0)(0,0)(6,8x)(0,0)(0,0)
(ux,c)(8,0)(0,0)(0,8x)(0,0)(ex,0)(0,6)(6,0)(0,0)(0,i)(a,0)(0,0)(0,8x)(0,0)(0,0)
(cx,mx)(8,0)(0,0)(0,8x)(0,0)(8x,0)(0,c)(6,0)(0,0)(0,c)(gx,0)(8,0)(0,8x)(0,0)(0,0)
(cx,i)(8,0)(0,0)(0,ex)(0,0)(kx,0)(0,c)(0,0)(0,0)(0,i)(a,0)(0,0)(0,8x)(0,0)(0,0)
(cx,kx)(8,0)(0,0)(0,i)(0,0)(qx,0)(0,6)(0,0)(0,0)(0,ex)(a,0)(0,0)(0,6)(0,0)(0,0)
(cx,cx)(8,0)(0,0)(0,ox)(0,0)(8x,0)(8,o)(0,0)(0,0)(0,6)(ax,0)(0,0)(0,8x)(0,0)(0,0)
(ix,c)(8,0)(0,0)(0,ex)(0,0)(qx,0)(0,kx)(0,0)(0,0)(0,6)(a,0)(0,0)(0,6)(0,0)(0,0)
(cx,ex)(8,0)(0,0)(0,c)(0,0)(ex,0)(0,i)(6,0)(0,0)(0,cx)(gx,0)(0,0)(0,8x)(0,0)(0,0)
(cx,o)(8,0)(0,0)(0,ox)(0,0)(a,0)(0,6)(0,0)(0,0)(0,ex)(ax,0)(0,0)(0,c)(0,0)(0,0)
(cx,i)(8,0)(0,0)(0,8x)(0,0)(ex,0)(0,i)(6,0)(0,0)(0,cx)(gx,0)(0,0)(0,8x)(0,0)(0,0)
(cx,cx)(8,0)(0,0)(0,qx)(0,0)(ex,0)(8,6)(0,0)(0,0)(0,cx)(gx,0)(0,0)(0,6)(0,0)(0,0)
(cx,ex)(8,0)(0,0)(0,i)(0,0)(8x,0)(0,i)(6,0)(0,0)(0,i)(a,0)(0,0)(0,8x)(0,0)(0,0)
(k,i)(8,0)(0,0)(0,6)(0,0)(k,0)(0,c)(0,0)(0,0)(0,c)(gx,0)(0,0)(0,8x)(0,0)(0,0)
(k,mx)(8,0)(0,0)(0,6)(0,0)(kx,0)(0,6)(0,0)(0,0)(0,6)(gx,0)(8,0)(0,8x)(0,0)(0,0)
(cx,ex)(8,0)(0,0)(0,u)(0,0)(8x,0)(0,c)(6,0)(0,0)(0,c)(a,0)(0,0)(0,8x)(0,0)(0,0)
(ix,ex)(8,0)(0,0)(0,6)(0,0)(qx,0)(0,i)(6,0)(0,0)(0,6)(a,0)(0,0)(0,8x)(0,0)(0,0)
(cx,i)(8,0)(0,0)(0,o)(0,0)(ex,0)(0,8x)(0,0)(0,0)(0,i)(a,0)(0,0)(0,8x)(0,0)(0,0)
(cx,i)(8,0)(0,0)(0,gx)(0,0)(ex,0)(0,8x)(0,0)(0,0)(0,ex)(gx,0)(8,0)(0,6)(0,0)(0,0)
(ux,cx)(8,0)(0,0)(0,6)(0,0)(8x,0)(8,ix)(0,0)(0,0)(0,6)(gx,0)(0,0)(0,8x)(0,0)(0,0)
(cx,o)(8,0)(0,0)(0,6x)(0,0)(8x,0)(8,cx)(0,0)(0,0)(0,c)(gx,0)(0,0)(6,8x)(0,0)(0,0)
(ox,c)(8,0)(0,0)(0,ex)(0,0)(8x,0)(0,ax)(0,0)(0,0)(0,i)(ax,0)(8,0)(0,8x)(0,0)(0,0)
(cx,ox)(8,0)(0,0)(0,c)(0,0)(kx,0)(0,8x)(0,0)(0,0)(0,6)(gx,0)(0,0)(6,8x)(0,0)(0,0)
(k,c)(8,0)(0,0)(0,gx)(0,0)(8x,0)(0,c)(0,0)(0,0)(0,ex)(ax,0)(8,0)(0,c)(0,0)(0,0)
(k,c)(8,0)(0,0)(0,c)(0,0)(ex,0)(0,ax)(0,0)(0,0)(0,c)(gx,0)(8,0)(0,8x)(0,0)(0,0)
(cx,o)(8,0)(0,0)(0,u)(0,0)(8x,0)(0,8x)(0,0)(0,0)(0,ex)(ax,0)(0,0)(0,6x)(0,0)(0,0)
(cx,u)(8,0)(0,0)(0,c)(0,0)(ex,0)(0,8x)(0,0)(0,0)(0,ex)(gx,0)(0,0)(0,6x)(0,0)(0,0)
(ux,c)(8,0)(0,0)(0,ex)(0,0)(ex,0)(0,6)(0,0)(0,0)(0,i)(a,0)(0,0)(0,8x)(0,0)(0,0)
(cx,cx)(8,0)(0,0)(0,c)(0,0)(ex,0)(8,ix)(0,0)(0,0)(0,i)(ax,0)(0,0)(0,8x)(0,0)(0,0)
(cx,kx)(8,0)(0,0)(0,o)(0,0)(8x,0)(0,ax)(0,0)(0,0)(0,6)(gx,0)(8,0)(0,8x)(0,0)(0,0)
(ux,c)(8,0)(0,0)(0,u)(0,0)(8x,0)(0,8x)(0,0)(0,0)(0,6)(a,0)(0,0)(0,8x)(0,0)(0,0)
(ix,u)(8,0)(0,0)(0,6)(0,0)(a,0)(0,c)(0,0)(0,0)(0,i)(a,0)(0,0)(0,8x)(0,0)(0,0)
(k,c)(8,0)(0,0)(0,c)(0,0)(ex,0)(0,kx)(0,0)(0,0)(0,c)(a,0)(0,0)(0,c)(0,0)(0,0)
(ox,cx)(8,0)(0,0)(0,6)(0,0)(k,0)(8,6)(0,0)(0,0)(0,ex)(gx,0)(0,0)(0,6)(0,0)(0,0)
(ux,c)(8,0)(0,0)(0,c)(0,0)(a,0)(0,c)(0,0)(0,0)(0,6x)(gx,0)(0,0)(6,8x)(0,0)(0,0)
(cx,kx)(8,0)(0,0)(0,c)(0,0)(ex,0)(0,o)(0,0)(0,0)(0,cx)(ax,0)(0,0)(0,8x)(0,0)(0,0)
(ox,ex)(8,0)(0,0)(0,6)(0,0)(qx,0)(0,6)(6,0)(0,0)(0,c)(a,0)(0,0)(0,8x)(0,0)(0,0)