#total=23938
(cx,8x)(0,0)(0,0)(0,u)(2,0)(ex,0)(0,8x)(0,0)(0,0)(0,u)(ax,0)(0,0)(0,6x)(0,0)(0,0)
(6x,u)(0,0)(0,0)(0,4x)(0,0)(a,0)(0,c)(0,0)(0,0)(0,u)(mx,0)(0,0)(0,4x)(0,0)(2,0)
(4x,ux)(0,0)(0,2)(0,ex)(0,0)(8x,0)(0,c)(0,0)(0,0)(0,o)(ax,0)(0,0)(0,gx)(0,0)(0,0)
(cx,6x)(0,0)(0,0)(4,o)(0,0)(ex,0)(0,6x)(0,0)(0,0)(2,u)(a,0)(0,0)(0,c)(0,0)(0,0)
(cx,4x)(0,0)(6,0)(0,u)(0,0)(k,0)(0,4x)(0,0)(4,0)(0,u)(4x,0)(0,0)(0,6)(0,0)(0,0)
(4x,6x)(0,0)(0,2)(4,ex)(0,0)(kx,0)(0,c)(0,0)(0,0)(0,o)(sx,0)(0,0)(0,4x)(0,0)(2,0)
(ux,6x)(0,0)(0,0)(4,ex)(0,0)(k,0)(0,6)(0,0)(0,0)(0,o)(4x,0)(0,0)(0,c)(0,0)(0,0)
(6x,ux)(0,0)(0,0)(0,4x)(0,0)(ex,0)(0,4x)(0,0)(4,0)(0,o)(ax,0)(0,0)(0,o)(0,0)(0,0)
(ix,6x)(0,0)(0,0)(4,u)(0,0)(k,0)(0,6x)(0,0)(0,0)(2,c)(4x,0)(0,0)(0,i)(0,0)(0,0)
(cx,8x)(0,0)(0,0)(0,o)(2,0)(8x,0)(0,o)(0,0)(0,0)(0,6)(u,0)(0,0)(0,6x)(0,0)(0,0)
(cx,6)(0,0)(0,0)(0,ox)(0,0)(a,0)(0,c)(0,0)(0,0)(0,u)(k,0)(0,0)(0,6)(0,0)(0,0)
(a,kx)(0,0)(0,0)(0,i)(0,0)(k,0)(0,6)(0,0)(0,0)(0,o)(ax,0)(0,0)(0,c)(0,0)(0,0)
(4x,ax)(0,0)(0,2)(0,ex)(0,0)(k,0)(0,i)(0,0)(0,0)(0,6)(sx,0)(0,0)(0,i)(0,0)(0,0)
(ox,6)(0,0)(0,0)(0,ex)(0,0)(kx,0)(0,6)(0,0)(0,0)(0,cx)(mx,0)(0,0)(0,gx)(0,0)(0,0)
(4x,i)(0,0)(0,2)(0,4x)(0,0)(ex,0)(0,u)(0,0)(0,0)(0,c)(u,0)(0,0)(0,4x)(0,0)(2,0)
(6x,8x)(0,0)(0,0)(0,o)(2,0)(ex,0)(0,6)(0,0)(0,0)(0,cx)(mx,0)(0,0)(0,qx)(0,0)(0,0)
(cx,6x)(0,0)(0,0)(4,ox)(0,0)(a,0)(0,o)(0,0)(0,0)(0,c)(4x,0)(0,0)(0,o)(0,0)(0,0)
(ux,6x)(0,0)(0,0)(4,6)(0,0)(a,0)(0,c)(0,0)(0,0)(0,i)(a,0)(0,0)(0,o)(0,0)(0,0)
(6x,ax)(0,0)(0,0)(0,i)(0,0)(a,0)(0,i)(0,0)(0,0)(0,cx)(sx,0)(0,0)(0,i)(0,0)(0,0)
(a,ux)(0,0)(0,0)(0,6)(0,0)(kx,0)(0,6x)(0,0)(0,0)(2,u)(4x,0)(0,0)(0,c)(0,0)(0,0)
(ix,u)(0,0)(0,0)(0,4x)(0,0)(a,0)(0,u)(0,0)(0,0)(0,i)(4x,0)(0,0)(0,4x)(0,0)(2,0)
(k,4x)(0,0)(6,0)(0,c)(0,0)(ex,0)(0,i)(0,0)(0,0)(0,i)(mx,0)(0,0)(0,4x)(0,0)(2,0)
(4x,6x)(0,0)(0,2)(4,i)(0,0)(kx,0)(0,6)(0,0)(0,0)(0,o)(a,0)(0,0)(0,qx)(0,0)(0,0)
(4x,ax)(0,0)(0,2)(0,o)(0,0)(a,0)(0,u)(0,0)(0,0)(0,u)(4x,0)(0,0)(0,6x)(0,0)(0,0)
(u,6x)(0,0)(0,0)(4,i)(0,0)(a,0)(0,6)(0,0)(0,0)(0,c)(gx,0)(0,0)(0,i)(0,0)(0,0)
(ux,8x)(0,0)(0,0)(0,u)(2,0)(a,0)(0,6)(0,0)(0,0)(0,o)(4x,0)(0,0)(0,4x)(0,0)(2,0)
(6x,ux)(0,0)(0,0)(0,ex)(0,0)(8x,0)(0,c)(0,0)(0,0)(0,c)(mx,0)(0,0)(0,gx)(0,0)(0,0)
(ux,kx)(0,0)(0,0)(0,4x)(0,0)(qx,0)(0,6)(0,0)(0,0)(0,cx)(4x,0)(0,0)(0,i)(0,0)(0,0)
(ox,6x)(0,0)(0,0)(4,c)(0,0)(qx,0)(0,6x)(0,0)(0,0)(2,o)(a,0)(0,0)(0,6)(0,0)(0,0)
(cx,o)(0,0)(0,0)(0,4x)(0,0)(kx,0)(0,4x)(0,0)(4,0)(0,u)(gx,0)(0,0)(0,6x)(0,0)(0,0)
(ox,4x)(0,0)(6,0)(0,c)(0,0)(kx,0)(0,8x)(0,0)(0,0)(0,i)(a,0)(0,0)(0,i)(0,0)(0,0)
(a,kx)(0,0)(0,0)(0,o)(0,0)(8x,0)(0,c)(0,0)(0,0)(0,cx)(mx,0)(0,0)(0,c)(0,0)(0,0)
(u,6x)(0,0)(0,0)(4,i)(0,0)(8x,0)(0,8x)(0,0)(0,0)(0,i)(mx,0)(0,0)(0,6)(0,0)(0,0)
(cx,ax)(0,0)(0,0)(0,i)(0,0)(kx,0)(0,8x)(0,0)(0,0)(0,cx)(gx,0)(0,0)(0,o)(0,0)(0,0)
(6x,c)(0,0)(0,0)(0,o)(0,0)(k,0)(0,6x)(0,0)(0,0)(2,6)(k,0)(0,0)(0,o)(0,0)(0,0)
(ix,6)(0,0)(0,0)(0,6)(0,0)(kx,0)(0,c)(0,0)(0,0)(0,cx)(u,0)(0,0)(0,gx)(0,0)(0,0)
(a,ux)(0,0)(0,0)(0,i)(0,0)(8x,0)(0,4x)(0,0)(4,0)(0,c)(gx,0)(0,0)(0,i)(0,0)(0,0)
(a,ux)(0,0)(0,0)(0,i)(0,0)(a,0)(0,6)(0,0)(0,0)(0,i)(mx,0)(0,0)(0,6)(0,0)(0,0)
(6x,o)(0,0)(0,0)(0,c)(0,0)(u,0)(0,4x)(0,0)(4,0)(0,c)(a,0)(0,0)(0,i)(0,0)(0,0)
(4x,8x)(0,0)(0,2)(0,o)(2,0)(k,0)(0,8x)(0,0)(0,0)(0,6)(sx,0)(0,0)(0,i)(0,0)(0,0)
(ix,6x)(0,0)(0,0)(4,i)(0,0)(kx,0)(0,8x)(0,0)(0,0)(0,o)(gx,0)(0,0)(0,4x)(0,0)(2,0)
(u,4x)(0,0)(6,0)(0,6)(0,0)(kx,0)(0,8x)(0,0)(0,0)(0,u)(4x,0)(0,0)(0,c)(0,0)(0,0)
(cx,ux)(0,0)(0,0)(0,4x)(0,0)(a,0)(0,i)(0,0)(0,0)(0,u)(4x,0)(0,0)(0,c)(0,0)(0,0)
(ox,4x)(0,0)(6,0)(0,ex)(0,0)(8x,0)(0,ix)(0,0)(0,0)(0,c)(mx,0)(0,0)(0,c)(0,0)(0,0)
(4x,kx)(0,0)(0,2)(0,6)(0,0)(ex,0)(0,sx)(0,0)(0,0)(0,u)(ax,0)(0,0)(0,4x)(0,0)(2,0)
(k,6x)(0,0)(0,0)(4,i)(0,0)(8x,0)(0,u)(0,0)(0,0)(0,i)(ax,0)(0,0)(0,4x)(0,0)(2,0)
(ux,6)(0,0)(0,0)(0,i)(0,0)(a,0)(0,6)(0,0)(0,0)(0,cx)(mx,0)(0,0)(0,gx)(0,0)(0,0)
(4x,c)(0,0)(0,2)(0,ox)(0,0)(u,0)(0,8x)(0,0)(0,0)(0,u)(4x,0)(0,0)(0,6)(0,0)(0,0)
(4x,6x)(0,0)(0,2)(4,ex)(0,0)(ex,0)(0,u)(0,0)(0,0)(0,cx)(ax,0)(0,0)(0,o)(0,0)(0,0)
(a,c)(0,0)(0,0)(0,o)(0,0)(qx,0)(0,4x)(0,0)(4,0)(0,6)(a,0)(0,0)(0,o)(0,0)(0,0)
(k,4x)(0,0)(6,0)(0,6)(0,0)(k,0)(0,c)(0,0)(0,0)(0,c)(sx,0)(0,0)(0,c)(0,0)(0,0)
(k,6x)(0,0)(0,0)(4,c)(0,0)(qx,0)(0,u)(0,0)(0,0)(0,6)(ax,0)(0,0)(0,6x)(0,0)(0,0)
(ox,ax)(0,0)(0,0)(0,6)(0,0)(a,0)(0,o)(0,0)(0,0)(0,c)(sx,0)(0,0)(0,4x)(0,0)(2,0)
(a,6)(0,0)(0,0)(0,ox)(0,0)(8x,0)(0,8x)(0,0)(0,0)(0,o)(ax,0)(0,0)(0,u)(0,0)(0,0)
(4x,4x)(0,0)(6,2)(0,ox)(0,0)(a,0)(0,c)(0,0)(0,0)(0,u)(mx,0)(0,0)(0,6)(0,0)(0,0)
(6x,kx)(0,0)(0,0)(0,c)(0,0)(ex,0)(0,i)(0,0)(0,0)(0,o)(a,0)(0,0)(0,gx)(0,0)(0,0)
(4x,6x)(0,0)(0,2)(4,o)(0,0)(ex,0)(0,4x)(0,0)(4,0)(0,u)(mx,0)(0,0)(0,6x)(0,0)(0,0)
(u,8x)(0,0)(0,0)(0,u)(2,0)(8x,0)(0,6x)(0,0)(0,0)(2,o)(4x,0)(0,0)(0,6)(0,0)(0,0)
(cx,6x)(0,0)(0,0)(4,ox)(0,0)(qx,0)(0,8x)(0,0)(0,0)(0,c)(4x,0)(0,0)(0,o)(0,0)(0,0)
(ox,ax)(0,0)(0,0)(0,o)(0,0)(8x,0)(0,8x)(0,0)(0,0)(0,o)(gx,0)(0,0)(0,4x)(0,0)(2,0)
(u,8x)(0,0)(0,0)(0,c)(2,0)(ex,0)(0,4x)(0,0)(4,0)(0,c)(mx,0)(0,0)(0,c)(0,0)(0,0)
(6x,kx)(0,0)(0,0)(0,6)(0,0)(k,0)(0,sx)(0,0)(0,0)(0,c)(4x,0)(0,0)(0,o)(0,0)(0,0)
(ix,6)(0,0)(0,0)(0,4x)(0,0)(kx,0)(0,6x)(0,0)(0,0)(2,o)(a,0)(0,0)(0,u)(0,0)(0,0)
(a,kx)(0,0)(0,0)(0,6)(0,0)(qx,0)(0,i)(0,0)(0,0)(0,6)(sx,0)(0,0)(0,6x)(0,0)(0,0)
(cx,ax)(0,0)(0,0)(0,ex)(0,0)(kx,0)(0,6)(0,0)(0,0)(0,cx)(gx,0)(0,0)(0,u)(0,0)(0,0)
(6x,i)(0,0)(0,0)(0,i)(0,0)(kx,0)(0,4x)(0,0)(4,0)(0,mx)(mx,0)(0,0)(0,6x)(0,0)(0,0)
(k,ax)(0,0)(0,0)(0,6)(0,0)(qx,0)(0,i)(0,0)(0,0)(0,6)(sx,0)(0,0)(0,6x)(0,0)(0,0)
(ix,ax)(0,0)(0,0)(0,ox)(0,0)(a,0)(0,i)(0,0)(0,0)(0,6)(mx,0)(0,0)(0,c)(0,0)(0,0)
(a,c)(0,0)(0,0)(0,i)(0,0)(a,0)(0,i)(0,0)(0,0)(0,cx)(gx,0)(0,0)(0,o)(0,0)(0,0)
(6x,u)(0,0)(0,0)(0,6)(0,0)(8x,0)(0,c)(0,0)(0,0)(0,mx)(u,0)(0,0)(0,6x)(0,0)(0,0)
(ix,8x)(0,0)(0,0)(0,o)(2,0)(a,0)(0,u)(0,0)(0,0)(0,6)(gx,0)(0,0)(0,6x)(0,0)(0,0)
(6x,ax)(0,0)(0,0)(0,ex)(0,0)(ex,0)(0,u)(0,0)(0,0)(0,u)(ax,0)(0,0)(0,6x)(0,0)(0,0)
(6x,4x)(0,0)(6,0)(0,ox)(0,0)(a,0)(0,c)(0,0)(0,0)(0,u)(ax,0)(0,0)(0,i)(0,0)(0,0)
(4x,i)(0,0)(0,2)(0,ox)(0,0)(ex,0)(0,6x)(0,0)(0,0)(2,mx)(mx,0)(0,0)(0,6)(0,0)(0,0)
(k,ax)(0,0)(0,0)(0,i)(0,0)(8x,0)(0,o)(0,0)(0,0)(0,cx)(ax,0)(0,0)(0,i)(0,0)(0,0)
(6x,6x)(0,0)(0,0)(4,c)(0,0)(ex,0)(0,u)(0,0)(0,0)(0,cx)(u,0)(0,0)(0,6)(0,0)(0,0)
(ix,c)(0,0)(0,0)(0,4x)(0,0)(qx,0)(0,ix)(0,0)(0,0)(0,6)(u,0)(0,0)(0,6)(0,0)(0,0)
(4x,c)(0,0)(0,2)(0,o)(0,0)(a,0)(0,sx)(0,0)(0,0)(0,u)(4x,0)(0,0)(0,4x)(0,0)(2,0)
(ox,ax)(0,0)(0,0)(0,o)(0,0)(8x,0)(0,8x)(0,0)(0,0)(0,cx)(gx,0)(0,0)(0,i)(0,0)(0,0)
(u,6)(0,0)(0,0)(0,4x)(0,0)(kx,0)(0,6x)(0,0)(0,0)(2,6)(sx,0)(0,0)(0,i)(0,0)(0,0)
(ux,6)(0,0)(0,0)(0,c)(0,0)(ex,0)(0,8x)(0,0)(0,0)(0,o)(k,0)(0,0)(0,4x)(0,0)(2,0)
(4x,6x)(0,0)(0,2)(4,6)(0,0)(kx,0)(0,c)(0,0)(0,0)(0,u)(a,0)(0,0)(0,qx)(0,0)(0,0)
(ox,4x)(0,0)(6,0)(0,6)(0,0)(qx,0)(0,6x)(0,0)(0,0)(2,u)(a,0)(0,0)(0,6)(0,0)(0,0)
(ux,i)(0,0)(0,0)(0,4x)(0,0)(ex,0)(0,6x)(0,0)(0,0)(2,i)(mx,0)(0,0)(0,6x)(0,0)(0,0)
(4x,o)(0,0)(0,2)(0,c)(0,0)(a,0)(0,ix)(0,0)(0,0)(0,o)(k,0)(0,0)(0,6)(0,0)(0,0)
(4x,ax)(0,0)(0,2)(0,o)(0,0)(ex,0)(0,6)(0,0)(0,0)(0,cx)(u,0)(0,0)(0,i)(0,0)(0,0)
(a,6)(0,0)(0,0)(0,ox)(0,0)(8x,0)(0,4x)(0,0)(4,0)(0,c)(mx,0)(0,0)(0,u)(0,0)(0,0)
(6x,8x)(0,0)(0,0)(0,6)(2,0)(k,0)(0,c)(0,0)(0,0)(0,c)(u,0)(0,0)(0,o)(0,0)(0,0)
(4x,ux)(0,0)(0,2)(0,4x)(0,0)(kx,0)(0,6)(0,0)(0,0)(0,6)(mx,0)(0,0)(0,qx)(0,0)(0,0)
(cx,ax)(0,0)(0,0)(0,c)(0,0)(qx,0)(0,c)(0,0)(0,0)(0,c)(a,0)(0,0)(0,qx)(0,0)(0,0)
(4x,ax)(0,0)(0,2)(0,ox)(0,0)(ex,0)(0,4x)(0,0)(4,0)(0,u)(mx,0)(0,0)(0,6)(0,0)(0,0)
(4x,i)(0,0)(0,2)(0,ox)(0,0)(ex,0)(0,6x)(0,0)(0,0)(2,o)(ax,0)(0,0)(0,gx)(0,0)(0,0)
(6x,u)(0,0)(0,0)(0,6)(0,0)(k,0)(0,8x)(0,0)(0,0)(0,6)(sx,0)(0,0)(0,gx)(0,0)(0,0)
(u,6)(0,0)(0,0)(0,6)(0,0)(u,0)(0,4x)(0,0)(4,0)(0,6)(sx,0)(0,0)(0,6)(0,0)(0,0)
(4x,4x)(0,0)(6,2)(0,6)(0,0)(kx,0)(0,c)(0,0)(0,0)(0,u)(u,0)(0,0)(0,6x)(0,0)(0,0)
(6x,kx)(0,0)(0,0)(0,c)(0,0)(kx,0)(0,ix)(0,0)(0,0)(0,mx)(4x,0)(0,0)(0,i)(0,0)(0,0)
(6x,kx)(0,0)(0,0)(0,4x)(0,0)(kx,0)(0,c)(0,0)(0,0)(0,o)(sx,0)(0,0)(0,6x)(0,0)(0,0)
(ix,ax)(0,0)(0,0)(0,i)(0,0)(qx,0)(0,6x)(0,0)(0,0)(2,c)(mx,0)(0,0)(0,4x)(0,0)(2,0)
(ix,4x)(0,0)(6,0)(0,i)(0,0)(k,0)(0,4x)(0,0)(4,0)(0,c)(gx,0)(0,0)(0,i)(0,0)(0,0)
(a,6)(0,0)(0,0)(0,i)(0,0)(8x,0)(0,u)(0,0)(0,0)(0,cx)(u,0)(0,0)(0,6)(0,0)(0,0)
(a,c)(0,0)(0,0)(0,o)(0,0)(ex,0)(0,4x)(0,0)(4,0)(0,i)(sx,0)(0,0)(0,6x)(0,0)(0,0)
(ix,o)(0,0)(0,0)(0,4x)(0,0)(qx,0)(0,6x)(0,0)(0,0)(2,o)(ax,0)(0,0)(0,4x)(0,0)(2,0)
(ux,4x)(0,0)(6,0)(0,c)(0,0)(qx,0)(0,8x)(0,0)(0,0)(0,6)(mx,0)(0,0)(0,4x)(0,0)(2,0)
(k,8x)(0,0)(0,0)(0,c)(2,0)(ex,0)(0,u)(0,0)(0,0)(0,c)(gx,0)(0,0)(0,4x)(0,0)(2,0)
(6x,8x)(0,0)(0,0)(0,ox)(2,0)(kx,0)(0,6x)(0,0)(0,0)(2,o)(4x,0)(0,0)(0,o)(0,0)(0,0)
(ux,ux)(0,0)(0,0)(0,4x)(0,0)(8x,0)(0,8x)(0,0)(0,0)(0,i)(4x,0)(0,0)(0,i)(0,0)(0,0)
(6x,ax)(0,0)(0,0)(0,ex)(0,0)(ex,0)(0,i)(0,0)(0,0)(0,u)(a,0)(0,0)(0,i)(0,0)(0,0)
(6x,o)(0,0)(0,0)(0,6)(0,0)(8x,0)(0,ix)(0,0)(0,0)(0,c)(k,0)(0,0)(0,qx)(0,0)(0,0)
(6x,o)(0,0)(0,0)(0,6)(0,0)(k,0)(0,6)(0,0)(0,0)(0,c)(k,0)(0,0)(0,qx)(0,0)(0,0)
(ix,4x)(0,0)(6,0)(0,u)(0,0)(a,0)(0,i)(0,0)(0,0)(0,6)(mx,0)(0,0)(0,6x)(0,0)(0,0)
(a,u)(0,0)(0,0)(0,ex)(0,0)(qx,0)(0,6)(0,0)(0,0)(0,6)(mx,0)(0,0)(0,6x)(0,0)(0,0)
(u,6x)(0,0)(0,0)(4,6)(0,0)(a,0)(0,c)(0,0)(0,0)(0,c)(gx,0)(0,0)(0,o)(0,0)(0,0)
(cx,ax)(0,0)(0,0)(0,ex)(0,0)(qx,0)(0,6)(0,0)(0,0)(0,cx)(ax,0)(0,0)(0,u)(0,0)(0,0)
(6x,8x)(0,0)(0,0)(0,o)(2,0)(k,0)(0,6)(0,0)(0,0)(0,6)(u,0)(0,0)(0,i)(0,0)(0,0)
(4x,u)(0,0)(0,2)(0,6)(0,0)(a,0)(0,sx)(0,0)(0,0)(0,6)(sx,0)(0,0)(0,6x)(0,0)(0,0)
(6x,u)(0,0)(0,0)(0,4x)(0,0)(ex,0)(0,6)(0,0)(0,0)(0,o)(u,0)(0,0)(0,6x)(0,0)(0,0)
(k,6x)(0,0)(0,0)(4,6)(0,0)(qx,0)(0,ix)(0,0)(0,0)(0,c)(4x,0)(0,0)(0,o)(0,0)(0,0)
(ix,4x)(0,0)(6,0)(0,u)(0,0)(a,0)(0,ix)(0,0)(0,0)(0,6)(ax,0)(0,0)(0,i)(0,0)(0,0)
(ix,6)(0,0)(0,0)(0,6)(0,0)(kx,0)(0,sx)(0,0)(0,0)(0,6)(a,0)(0,0)(0,qx)(0,0)(0,0)
(6x,i)(0,0)(0,0)(0,ex)(0,0)(ex,0)(0,sx)(0,0)(0,0)(0,c)(a,0)(0,0)(0,i)(0,0)(0,0)
(cx,6x)(0,0)(0,0)(4,i)(0,0)(a,0)(0,i)(0,0)(0,0)(0,i)(sx,0)(0,0)(0,6x)(0,0)(0,0)
(4x,6x)(0,0)(0,2)(4,o)(0,0)(k,0)(0,6x)(0,0)(0,0)(2,6)(sx,0)(0,0)(0,i)(0,0)(0,0)
(4x,8x)(0,0)(0,2)(0,6)(2,0)(kx,0)(0,6x)(0,0)(0,0)(2,cx)(sx,0)(0,0)(0,u)(0,0)(0,0)
(ox,8x)(0,0)(0,0)(0,c)(2,0)(k,0)(0,6x)(0,0)(0,0)(2,o)(gx,0)(0,0)(0,6)(0,0)(0,0)
(cx,6)(0,0)(0,0)(0,ex)(0,0)(ex,0)(0,ix)(0,0)(0,0)(0,u)(ax,0)(0,0)(0,gx)(0,0)(0,0)
(cx,6x)(0,0)(0,0)(4,ox)(0,0)(qx,0)(0,4x)(0,0)(4,0)(0,6)(ax,0)(0,0)(0,o)(0,0)(0,0)
(k,ax)(0,0)(0,0)(0,6)(0,0)(kx,0)(0,c)(0,0)(0,0)(0,u)(gx,0)(0,0)(0,4x)(0,0)(2,0)
(6x,u)(0,0)(0,0)(0,c)(0,0)(a,0)(0,sx)(0,0)(0,0)(0,o)(4x,0)(0,0)(0,6x)(0,0)(0,0)
(6x,u)(0,0)(0,0)(0,c)(0,0)(k,0)(0,6x)(0,0)(0,0)(2,mx)(4x,0)(0,0)(0,i)(0,0)(0,0)
(cx,4x)(0,0)(6,0)(0,c)(0,0)(kx,0)(0,c)(0,0)(0,0)(0,cx)(u,0)(0,0)(0,c)(0,0)(0,0)
(6x,8x)(0,0)(0,0)(0,ox)(2,0)(8x,0)(0,c)(0,0)(0,0)(0,o)(ax,0)(0,0)(0,qx)(0,0)(0,0)
(a,c)(0,0)(0,0)(0,o)(0,0)(ex,0)(0,6x)(0,0)(0,0)(2,u)(a,0)(0,0)(0,c)(0,0)(0,0)
(cx,ax)(0,0)(0,0)(0,u)(0,0)(a,0)(0,i)(0,0)(0,0)(0,6)(a,0)(0,0)(0,o)(0,0)(0,0)
(ix,8x)(0,0)(0,0)(0,u)(2,0)(kx,0)(0,8x)(0,0)(0,0)(0,o)(4x,0)(0,0)(0,6x)(0,0)(0,0)
(u,6)(0,0)(0,0)(0,i)(0,0)(8x,0)(0,6x)(0,0)(0,0)(2,o)(ax,0)(0,0)(0,gx)(0,0)(0,0)
(ox,ax)(0,0)(0,0)(0,c)(0,0)(kx,0)(0,6x)(0,0)(0,0)(2,i)(a,0)(0,0)(0,i)(0,0)(0,0)
(ix,ax)(0,0)(0,0)(0,6)(0,0)(k,0)(0,o)(0,0)(0,0)(0,c)(4x,0)(0,0)(0,qx)(0,0)(0,0)
(ix,ax)(0,0)(0,0)(0,ex)(0,0)(k,0)(0,u)(0,0)(0,0)(0,6)(ax,0)(0,0)(0,c)(0,0)(0,0)
(6x,4x)(0,0)(6,0)(0,i)(0,0)(8x,0)(0,ix)(0,0)(0,0)(0,o)(ax,0)(0,0)(0,qx)(0,0)(0,0)
(6x,i)(0,0)(0,0)(0,o)(0,0)(a,0)(0,c)(0,0)(0,0)(0,mx)(a,0)(0,0)(0,i)(0,0)(0,0)
(4x,ax)(0,0)(0,2)(0,ex)(0,0)(ex,0)(0,u)(0,0)(0,0)(0,c)(a,0)(0,0)(0,o)(0,0)(0,0)
(6x,ax)(0,0)(0,0)(0,c)(0,0)(ex,0)(0,i)(0,0)(0,0)(0,o)(u,0)(0,0)(0,6x)(0,0)(0,0)
(6x,8x)(0,0)(0,0)(0,ox)(2,0)(ex,0)(0,8x)(0,0)(0,0)(0,u)(ax,0)(0,0)(0,i)(0,0)(0,0)
(ix,4x)(0,0)(6,0)(0,6)(0,0)(qx,0)(0,4x)(0,0)(4,0)(0,cx)(ax,0)(0,0)(0,u)(0,0)(0,0)
(ox,6x)(0,0)(0,0)(4,u)(0,0)(8x,0)(0,6x)(0,0)(0,0)(2,cx)(ax,0)(0,0)(0,i)(0,0)(0,0)
(ix,u)(0,0)(0,0)(0,4x)(0,0)(ex,0)(0,6x)(0,0)(0,0)(2,i)(a,0)(0,0)(0,i)(0,0)(0,0)
(a,c)(0,0)(0,0)(0,u)(0,0)(k,0)(0,8x)(0,0)(0,0)(0,c)(4x,0)(0,0)(0,o)(0,0)(0,0)
(a,c)(0,0)(0,0)(0,o)(0,0)(a,0)(0,c)(0,0)(0,0)(0,u)(gx,0)(0,0)(0,6x)(0,0)(0,0)
(cx,6x)(0,0)(0,0)(4,c)(0,0)(qx,0)(0,i)(0,0)(0,0)(0,6)(u,0)(0,0)(0,6x)(0,0)(0,0)
(ux,ax)(0,0)(0,0)(0,ex)(0,0)(qx,0)(0,6)(0,0)(0,0)(0,cx)(4x,0)(0,0)(0,i)(0,0)(0,0)
(ix,c)(0,0)(0,0)(0,4x)(0,0)(kx,0)(0,o)(0,0)(0,0)(0,6)(a,0)(0,0)(0,qx)(0,0)(0,0)
(cx,4x)(0,0)(6,0)(0,o)(0,0)(k,0)(0,6)(0,0)(0,0)(0,6)(gx,0)(0,0)(0,qx)(0,0)(0,0)
(4x,ux)(0,0)(0,2)(0,o)(0,0)(8x,0)(0,6x)(0,0)(0,0)(2,6)(mx,0)(0,0)(0,gx)(0,0)(0,0)
(ux,ax)(0,0)(0,0)(0,ex)(0,0)(8x,0)(0,o)(0,0)(0,0)(0,o)(4x,0)(0,0)(0,6x)(0,0)(0,0)
(6x,c)(0,0)(0,0)(0,c)(0,0)(kx,0)(0,sx)(0,0)(0,0)(0,cx)(4x,0)(0,0)(0,qx)(0,0)(0,0)
(ox,c)(0,0)(0,0)(0,4x)(0,0)(a,0)(0,o)(0,0)(0,0)(0,cx)(sx,0)(0,0)(0,6)(0,0)(0,0)
(6x,4x)(0,0)(6,0)(0,ox)(0,0)(a,0)(0,c)(0,0)(0,0)(0,c)(mx,0)(0,0)(0,o)(0,0)(0,0)
(ix,o)(0,0)(0,0)(0,4x)(0,0)(kx,0)(0,8x)(0,0)(0,0)(0,cx)(mx,0)(0,0)(0,c)(0,0)(0,0)
(ix,8x)(0,0)(0,0)(0,ox)(2,0)(a,0)(0,c)(0,0)(0,0)(0,o)(ax,0)(0,0)(0,c)(0,0)(0,0)
(cx,6)(0,0)(0,0)(0,ex)(0,0)(u,0)(0,c)(0,0)(0,0)(0,cx)(ax,0)(0,0)(0,o)(0,0)(0,0)
(u,6)(0,0)(0,0)(0,4x)(0,0)(a,0)(0,u)(0,0)(0,0)(0,u)(4x,0)(0,0)(0,6)(0,0)(0,0)
(a,kx)(0,0)(0,0)(0,c)(0,0)(kx,0)(0,o)(0,0)(0,0)(0,cx)(4x,0)(0,0)(0,i)(0,0)(0,0)
(4x,8x)(0,0)(0,2)(0,i)(2,0)(k,0)(0,6x)(0,0)(0,0)(2,c)(sx,0)(0,0)(0,i)(0,0)(0,0)
(u,4x)(0,0)(6,0)(0,c)(0,0)(a,0)(0,c)(0,0)(0,0)(0,i)(ax,0)(0,0)(0,i)(0,0)(0,0)
(6x,o)(0,0)(0,0)(0,6)(0,0)(a,0)(0,sx)(0,0)(0,0)(0,c)(sx,0)(0,0)(0,4x)(0,0)(2,0)
(ox,u)(0,0)(0,0)(0,4x)(0,0)(a,0)(0,6)(0,0)(0,0)(0,o)(a,0)(0,0)(0,c)(0,0)(0,0)
(6x,ux)(0,0)(0,0)(0,6)(0,0)(ex,0)(0,4x)(0,0)(4,0)(0,mx)(sx,0)(0,0)(0,6)(0,0)(0,0)
(cx,6)(0,0)(0,0)(0,ex)(0,0)(ex,0)(0,sx)(0,0)(0,0)(0,cx)(sx,0)(0,0)(0,6)(0,0)(0,0)
(u,u)(0,0)(0,0)(0,4x)(0,0)(a,0)(0,6)(0,0)(0,0)(0,6)(gx,0)(0,0)(0,i)(0,0)(0,0)
(a,o)(0,0)(0,0)(0,ox)(0,0)(8x,0)(0,6x)(0,0)(0,0)(2,c)(gx,0)(0,0)(0,i)(0,0)(0,0)
(ix,c)(0,0)(0,0)(0,4x)(0,0)(qx,0)(0,c)(0,0)(0,0)(0,c)(a,0)(0,0)(0,qx)(0,0)(0,0)
(cx,8x)(0,0)(0,0)(0,ox)(2,0)(kx,0)(0,4x)(0,0)(4,0)(0,i)(4x,0)(0,0)(0,o)(0,0)(0,0)
(ox,4x)(0,0)(6,0)(0,u)(0,0)(8x,0)(0,4x)(0,0)(4,0)(0,c)(a,0)(0,0)(0,i)(0,0)(0,0)
(6x,i)(0,0)(0,0)(0,o)(0,0)(a,0)(0,sx)(0,0)(0,0)(0,6)(a,0)(0,0)(0,i)(0,0)(0,0)
(4x,c)(0,0)(0,2)(0,o)(0,0)(k,0)(0,6x)(0,0)(0,0)(2,u)(4x,0)(0,0)(0,gx)(0,0)(0,0)
(k,4x)(0,0)(6,0)(0,i)(0,0)(qx,0)(0,6)(0,0)(0,0)(0,o)(ax,0)(0,0)(0,4x)(0,0)(2,0)
(ox,4x)(0,0)(6,0)(0,o)(0,0)(a,0)(0,6)(0,0)(0,0)(0,i)(mx,0)(0,0)(0,6x)(0,0)(0,0)
(a,c)(0,0)(0,0)(0,o)(0,0)(ex,0)(0,6)(0,0)(0,0)(0,i)(a,0)(0,0)(0,qx)(0,0)(0,0)
(ux,6x)(0,0)(0,0)(4,u)(0,0)(8x,0)(0,6x)(0,0)(0,0)(2,6)(mx,0)(0,0)(0,6x)(0,0)(0,0)
(ux,4x)(0,0)(6,0)(0,c)(0,0)(a,0)(0,c)(0,0)(0,0)(0,o)(gx,0)(0,0)(0,4x)(0,0)(2,0)
(cx,ax)(0,0)(0,0)(0,c)(0,0)(qx,0)(0,4x)(0,0)(4,0)(0,cx)(ax,0)(0,0)(0,u)(0,0)(0,0)
(cx,u)(0,0)(0,0)(0,4x)(0,0)(k,0)(0,4x)(0,0)(4,0)(0,u)(4x,0)(0,0)(0,c)(0,0)(0,0)
(k,ax)(0,0)(0,0)(0,i)(0,0)(qx,0)(0,6)(0,0)(0,0)(0,c)(a,0)(0,0)(0,i)(0,0)(0,0)
(a,ux)(0,0)(0,0)(0,ex)(0,0)(8x,0)(0,u)(0,0)(0,0)(0,6)(gx,0)(0,0)(0,6)(0,0)(0,0)
(4x,8x)(0,0)(0,2)(0,o)(2,0)(k,0)(0,8x)(0,0)(0,0)(0,6)(mx,0)(0,0)(0,o)(0,0)(0,0)
(cx,6)(0,0)(0,0)(0,i)(0,0)(kx,0)(0,6)(0,0)(0,0)(0,cx)(u,0)(0,0)(0,gx)(0,0)(0,0)
(4x,i)(0,0)(0,2)(0,ex)(0,0)(u,0)(0,c)(0,0)(0,0)(0,c)(a,0)(0,0)(0,i)(0,0)(0,0)
(ix,6)(0,0)(0,0)(0,ox)(0,0)(a,0)(0,u)(0,0)(0,0)(0,6)(ax,0)(0,0)(0,gx)(0,0)(0,0)
(4x,i)(0,0)(0,2)(0,i)(0,0)(k,0)(0,8x)(0,0)(0,0)(0,mx)(mx,0)(0,0)(0,6)(0,0)(0,0)
(cx,6x)(0,0)(0,0)(4,i)(0,0)(k,0)(0,6x)(0,0)(0,0)(2,u)(ax,0)(0,0)(0,c)(0,0)(0,0)
(cx,o)(0,0)(0,0)(0,4x)(0,0)(k,0)(0,6x)(0,0)(0,0)(2,u)(gx,0)(0,0)(0,6)(0,0)(0,0)
(cx,6x)(0,0)(0,0)(4,u)(0,0)(ex,0)(0,6x)(0,0)(0,0)(2,u)(ax,0)(0,0)(0,6x)(0,0)(0,0)
(u,ax)(0,0)(0,0)(0,o)(0,0)(8x,0)(0,4x)(0,0)(4,0)(0,i)(4x,0)(0,0)(0,i)(0,0)(0,0)
(6x,u)(0,0)(0,0)(0,6)(0,0)(ex,0)(0,6)(0,0)(0,0)(0,cx)(k,0)(0,0)(0,qx)(0,0)(0,0)
(a,i)(0,0)(0,0)(0,6)(0,0)(qx,0)(0,ix)(0,0)(0,0)(0,6)(u,0)(0,0)(0,6)(0,0)(0,0)
(k,ax)(0,0)(0,0)(0,6)(0,0)(ex,0)(0,i)(0,0)(0,0)(0,u)(a,0)(0,0)(0,c)(0,0)(0,0)
(ox,4x)(0,0)(6,0)(0,ex)(0,0)(8x,0)(0,i)(0,0)(0,0)(0,cx)(mx,0)(0,0)(0,c)(0,0)(0,0)
(6x,4x)(0,0)(6,0)(0,ex)(0,0)(8x,0)(0,u)(0,0)(0,0)(0,c)(a,0)(0,0)(0,u)(0,0)(0,0)
(u,c)(0,0)(0,0)(0,4x)(0,0)(8x,0)(0,6x)(0,0)(0,0)(2,c)(gx,0)(0,0)(0,u)(0,0)(0,0)
(cx,6x)(0,0)(0,0)(4,i)(0,0)(kx,0)(0,4x)(0,0)(4,0)(0,i)(sx,0)(0,0)(0,6x)(0,0)(0,0)