#total=222
(gx,ax)(6,4)(0,0)(0,i)(ix,4)(6,0)(0,6x)(0,0)(gx,2)(6,8x)(0,0)(0,0)
(ex,ax)(6,4)(0,0)(0,i)(ix,4)(6,0)(0,ex)(0,4)(gx,0)(0,6x)(0,0)(0,0)
(ix,gx)(6,4)(0,0)(0,gx)(ix,4)(0,0)(0,c)(0,0)(gx,0)(0,8x)(0,0)(2,0)
(ix,ax)(6,4)(0,0)(0,gx)(ix,4)(6,0)(0,c)(0,0)(gx,0)(0,8x)(0,0)(2,0)
(ix,ax)(6,4)(0,0)(0,i)(ix,4)(6,0)(0,ax)(0,0)(gx,0)(0,8x)(0,0)(2,0)
(gx,gx)(6,4)(0,0)(0,i)(ix,4)(0,0)(0,ex)(0,0)(gx,2)(0,4x)(0,0)(2,0)
(ex,ax)(6,4)(0,0)(0,ex)(ix,4)(6,0)(0,ex)(0,4)(gx,0)(0,6)(4,0)(0,0)
(ex,ax)(6,4)(0,0)(0,i)(ix,4)(6,0)(0,8x)(0,4)(gx,0)(0,8x)(4,0)(0,0)
(ex,ex)(6,4)(0,0)(0,ix)(ix,4)(0,0)(0,ex)(2,4)(gx,0)(0,6)(0,0)(0,0)
(gx,ix)(6,4)(0,0)(0,ax)(ix,4)(0,0)(0,ex)(0,0)(gx,2)(6,6)(0,0)(0,0)
(ix,gx)(6,4)(0,0)(0,i)(ix,4)(0,0)(0,cx)(0,0)(gx,0)(0,8x)(0,0)(0,0)
(gx,cx)(6,4)(0,0)(0,i)(ix,4)(0,0)(4,ex)(0,0)(gx,2)(0,2x)(4,0)(0,0)
(ix,gx)(6,4)(0,0)(0,cx)(ix,4)(0,0)(0,c)(0,0)(gx,0)(6,8x)(0,0)(0,0)
(ex,gx)(6,4)(0,0)(0,i)(ix,4)(0,0)(0,ex)(0,4)(gx,0)(0,4x)(0,0)(2,0)
(ex,ax)(6,4)(0,0)(0,cx)(ix,4)(6,0)(0,c)(0,4)(gx,0)(6,8x)(0,0)(0,0)
(ix,ax)(6,4)(0,0)(0,ix)(ix,4)(6,0)(0,ex)(0,0)(gx,0)(0,6)(0,0)(0,0)
(ix,cx)(6,4)(0,0)(0,i)(ix,4)(0,0)(4,ex)(0,0)(gx,0)(0,4x)(0,0)(2,0)
(ex,ax)(6,4)(0,0)(0,gx)(ix,4)(6,0)(0,c)(0,4)(gx,0)(0,8x)(0,0)(2,0)
(ix,ax)(6,4)(0,0)(0,ex)(ix,4)(6,0)(0,c)(0,0)(gx,0)(0,8x)(4,0)(0,0)
(gx,ex)(6,4)(0,0)(0,ex)(ix,4)(0,0)(0,ex)(2,0)(gx,2)(0,6)(4,0)(0,0)
(ix,ax)(6,4)(0,0)(0,ix)(ix,4)(6,0)(0,c)(0,0)(gx,0)(0,8x)(0,0)(0,0)
(gx,ax)(6,4)(0,0)(0,ix)(ix,4)(6,0)(0,ex)(0,0)(gx,2)(0,6)(0,0)(0,0)
(ix,gx)(6,4)(0,0)(0,cx)(ix,4)(0,0)(0,ex)(0,0)(gx,0)(6,6)(0,0)(0,0)
(ix,ex)(6,4)(0,0)(0,i)(ix,4)(0,0)(0,ex)(2,0)(gx,0)(0,2x)(4,0)(0,0)
(ix,ex)(6,4)(0,0)(0,gx)(ix,4)(0,0)(0,ex)(2,0)(gx,0)(0,6)(0,0)(2,0)
(ix,cx)(6,4)(0,0)(0,i)(ix,4)(0,0)(4,ex)(0,0)(gx,0)(0,2x)(4,0)(0,0)
(g,i)(6,4)(0,0)(0,ix)(ix,4)(0,0)(0,c)(0,0)(gx,0)(0,8x)(0,0)(0,0)
(gx,ex)(6,4)(0,0)(0,ix)(ix,4)(0,0)(0,c)(2,0)(gx,2)(0,8x)(0,0)(0,0)
(g,i)(6,4)(0,0)(0,gx)(ix,4)(0,0)(0,c)(0,0)(gx,0)(0,8x)(0,0)(2,0)
(ex,ax)(6,4)(0,0)(0,i)(ix,4)(6,0)(0,ex)(0,4)(gx,0)(0,2x)(4,0)(0,0)
(gx,ex)(6,4)(0,0)(0,gx)(ix,4)(0,0)(0,c)(2,0)(gx,2)(0,8x)(0,0)(2,0)
(g,i)(6,4)(0,0)(0,i)(ix,4)(0,0)(0,6x)(0,0)(gx,0)(6,8x)(0,0)(0,0)
(gx,ax)(6,4)(0,0)(0,cx)(ix,4)(6,0)(0,c)(0,0)(gx,2)(6,8x)(0,0)(0,0)
(gx,ex)(6,4)(0,0)(0,i)(ix,4)(0,0)(0,ex)(2,0)(gx,2)(0,2x)(4,0)(0,0)
(gx,ix)(6,4)(0,0)(0,8x)(ix,4)(0,0)(0,ex)(2,0)(gx,2)(6,6)(0,0)(0,0)
(ix,ix)(6,4)(0,0)(0,ax)(ix,4)(0,0)(0,c)(0,0)(gx,0)(6,8x)(0,0)(0,0)
(ix,ax)(6,4)(0,0)(0,cx)(ix,4)(6,0)(0,c)(0,0)(gx,0)(6,8x)(0,0)(0,0)
(ix,ex)(6,4)(0,0)(0,ex)(ix,4)(0,0)(0,ex)(2,0)(gx,0)(0,6)(4,0)(0,0)
(gx,cx)(6,4)(0,0)(0,cx)(ix,4)(0,0)(4,ex)(0,0)(gx,2)(6,6)(0,0)(0,0)
(g,i)(6,4)(0,0)(0,cx)(ix,4)(0,0)(0,c)(0,0)(gx,0)(6,8x)(0,0)(0,0)
(ex,cx)(6,4)(0,0)(0,i)(ix,4)(0,0)(4,cx)(0,4)(gx,0)(0,8x)(0,0)(0,0)
(g,i)(6,4)(0,0)(0,i)(ix,4)(0,0)(0,8x)(0,0)(gx,0)(0,8x)(4,0)(0,0)
(gx,gx)(6,4)(0,0)(0,ex)(ix,4)(0,0)(0,ex)(0,0)(gx,2)(0,6)(4,0)(0,0)
(ex,ex)(6,4)(0,0)(0,cx)(ix,4)(0,0)(0,ex)(2,4)(gx,0)(6,6)(0,0)(0,0)
(ix,gx)(6,4)(0,0)(0,i)(ix,4)(0,0)(0,ex)(0,0)(gx,0)(0,4x)(0,0)(2,0)
(ex,cx)(6,4)(0,0)(0,gx)(ix,4)(0,0)(4,c)(0,4)(gx,0)(0,8x)(0,0)(2,0)
(ix,ex)(6,4)(0,0)(0,ix)(ix,4)(0,0)(0,c)(2,0)(gx,0)(0,8x)(0,0)(0,0)
(ix,cx)(6,4)(0,0)(0,i)(ix,4)(0,0)(4,cx)(0,0)(gx,0)(0,8x)(0,0)(0,0)
(ix,ix)(6,4)(0,0)(0,i)(ix,4)(0,0)(0,2x)(2,0)(gx,0)(6,8x)(0,0)(0,0)
(ex,ix)(6,4)(0,0)(0,8x)(ix,4)(0,0)(0,c)(2,4)(gx,0)(6,8x)(0,0)(0,0)
(gx,ax)(6,4)(0,0)(0,ex)(ix,4)(6,0)(0,c)(0,0)(gx,2)(0,8x)(4,0)(0,0)
(gx,cx)(6,4)(0,0)(0,i)(ix,4)(0,0)(4,cx)(0,0)(gx,2)(0,8x)(0,0)(0,0)
(ex,cx)(6,4)(0,0)(0,i)(ix,4)(0,0)(4,ex)(0,4)(gx,0)(0,6x)(0,0)(0,0)
(ex,gx)(6,4)(0,0)(0,i)(ix,4)(0,0)(0,6x)(0,4)(gx,0)(6,8x)(0,0)(0,0)
(ex,ax)(6,4)(0,0)(0,i)(ix,4)(6,0)(0,cx)(0,4)(gx,0)(0,8x)(0,0)(0,0)
(ex,gx)(6,4)(0,0)(0,i)(ix,4)(0,0)(0,ex)(0,4)(gx,0)(0,2x)(4,0)(0,0)
(ix,ax)(6,4)(0,0)(0,ex)(ix,4)(6,0)(0,ex)(0,0)(gx,0)(0,6)(4,0)(0,0)
(gx,ax)(6,4)(0,0)(0,gx)(ix,4)(6,0)(0,c)(0,0)(gx,2)(0,8x)(0,0)(2,0)
(gx,gx)(6,4)(0,0)(0,gx)(ix,4)(0,0)(0,c)(0,0)(gx,2)(0,8x)(0,0)(2,0)
(ex,gx)(6,4)(0,0)(0,i)(ix,4)(0,0)(0,ax)(0,4)(gx,0)(0,8x)(0,0)(2,0)
(gx,ex)(6,4)(0,0)(0,i)(ix,4)(0,0)(0,ax)(2,0)(gx,2)(0,8x)(0,0)(2,0)
(ex,ax)(6,4)(0,0)(0,ix)(ix,4)(6,0)(0,c)(0,4)(gx,0)(0,8x)(0,0)(0,0)
(ix,ix)(6,4)(0,0)(0,i)(ix,4)(0,0)(0,4x)(0,0)(gx,0)(6,8x)(0,0)(0,0)
(ex,ix)(6,4)(0,0)(0,6x)(ix,4)(0,0)(4,ex)(0,4)(gx,0)(6,6)(0,0)(0,0)
(g,i)(6,4)(0,0)(0,gx)(ix,4)(0,0)(0,ex)(0,0)(gx,0)(0,6)(0,0)(2,0)
(gx,ax)(6,4)(0,0)(0,i)(ix,4)(6,0)(0,ax)(0,0)(gx,2)(0,8x)(0,0)(2,0)
(ex,cx)(6,4)(0,0)(0,ex)(ix,4)(0,0)(4,c)(0,4)(gx,0)(0,8x)(4,0)(0,0)
(ex,ex)(6,4)(0,0)(0,i)(ix,4)(0,0)(0,ax)(2,4)(gx,0)(0,8x)(0,0)(2,0)
(ex,gx)(6,4)(0,0)(0,gx)(ix,4)(0,0)(0,ex)(0,4)(gx,0)(0,6)(0,0)(2,0)
(gx,ix)(6,4)(0,0)(0,i)(ix,4)(0,0)(0,4x)(0,0)(gx,2)(6,8x)(0,0)(0,0)
(ix,ax)(6,4)(0,0)(0,gx)(ix,4)(6,0)(0,ex)(0,0)(gx,0)(0,6)(0,0)(2,0)
(ex,cx)(6,4)(0,0)(0,i)(ix,4)(0,0)(4,6x)(0,4)(gx,0)(6,8x)(0,0)(0,0)
(gx,cx)(6,4)(0,0)(0,ix)(ix,4)(0,0)(4,c)(0,0)(gx,2)(0,8x)(0,0)(0,0)
(ix,ax)(6,4)(0,0)(0,i)(ix,4)(6,0)(0,6x)(0,0)(gx,0)(6,8x)(0,0)(0,0)
(ix,ex)(6,4)(0,0)(0,cx)(ix,4)(0,0)(0,ex)(2,0)(gx,0)(6,6)(0,0)(0,0)
(ix,ax)(6,4)(0,0)(0,i)(ix,4)(6,0)(0,ex)(0,0)(gx,0)(0,6x)(0,0)(0,0)
(ix,ax)(6,4)(0,0)(0,i)(ix,4)(6,0)(0,8x)(0,0)(gx,0)(0,8x)(4,0)(0,0)
(ex,ax)(6,4)(0,0)(0,gx)(ix,4)(6,0)(0,ex)(0,4)(gx,0)(0,6)(0,0)(2,0)
(ix,ax)(6,4)(0,0)(0,i)(ix,4)(6,0)(0,cx)(0,0)(gx,0)(0,8x)(0,0)(0,0)
(ex,ex)(6,4)(0,0)(0,i)(ix,4)(0,0)(0,cx)(2,4)(gx,0)(0,8x)(0,0)(0,0)
(gx,cx)(6,4)(0,0)(0,ex)(ix,4)(0,0)(4,ex)(0,0)(gx,2)(0,6)(4,0)(0,0)
(ex,ax)(6,4)(0,0)(0,i)(ix,4)(6,0)(0,6x)(0,4)(gx,0)(6,8x)(0,0)(0,0)
(gx,cx)(6,4)(0,0)(0,i)(ix,4)(0,0)(4,ex)(0,0)(gx,2)(0,6x)(0,0)(0,0)
(ix,cx)(6,4)(0,0)(0,gx)(ix,4)(0,0)(4,c)(0,0)(gx,0)(0,8x)(0,0)(2,0)
(gx,gx)(6,4)(0,0)(0,i)(ix,4)(0,0)(0,ax)(0,0)(gx,2)(0,8x)(0,0)(2,0)
(gx,gx)(6,4)(0,0)(0,i)(ix,4)(0,0)(0,6x)(0,0)(gx,2)(6,8x)(0,0)(0,0)
(ix,ax)(6,4)(0,0)(0,i)(ix,4)(6,0)(0,ex)(0,0)(gx,0)(0,2x)(4,0)(0,0)
(gx,cx)(6,4)(0,0)(0,i)(ix,4)(0,0)(4,8x)(0,0)(gx,2)(0,8x)(4,0)(0,0)
(ex,cx)(6,4)(0,0)(0,cx)(ix,4)(0,0)(4,ex)(0,4)(gx,0)(6,6)(0,0)(0,0)
(gx,ax)(6,4)(0,0)(0,i)(ix,4)(6,0)(0,ex)(0,0)(gx,2)(0,2x)(4,0)(0,0)
(ix,ax)(6,4)(0,0)(0,i)(ix,4)(6,0)(0,ex)(0,0)(gx,0)(0,4x)(0,0)(2,0)
(gx,ex)(6,4)(0,0)(0,gx)(ix,4)(0,0)(0,ex)(2,0)(gx,2)(0,6)(0,0)(2,0)
(ex,ix)(6,4)(0,0)(0,8x)(ix,4)(0,0)(0,ex)(2,4)(gx,0)(6,6)(0,0)(0,0)
(ix,ix)(6,4)(0,0)(0,8x)(ix,4)(0,0)(0,ex)(2,0)(gx,0)(6,6)(0,0)(0,0)
(ex,ex)(6,4)(0,0)(0,i)(ix,4)(0,0)(0,ex)(2,4)(gx,0)(0,6x)(0,0)(0,0)
(gx,cx)(6,4)(0,0)(0,ix)(ix,4)(0,0)(4,ex)(0,0)(gx,2)(0,6)(0,0)(0,0)
(ix,cx)(6,4)(0,0)(0,i)(ix,4)(0,0)(4,8x)(0,0)(gx,0)(0,8x)(4,0)(0,0)
(gx,ex)(6,4)(0,0)(0,cx)(ix,4)(0,0)(0,ex)(2,0)(gx,2)(6,6)(0,0)(0,0)
(gx,gx)(6,4)(0,0)(0,ix)(ix,4)(0,0)(0,ex)(0,0)(gx,2)(0,6)(0,0)(0,0)
(gx,gx)(6,4)(0,0)(0,cx)(ix,4)(0,0)(0,ex)(0,0)(gx,2)(6,6)(0,0)(0,0)
(gx,gx)(6,4)(0,0)(0,ex)(ix,4)(0,0)(0,c)(0,0)(gx,2)(0,8x)(4,0)(0,0)
(ex,ax)(6,4)(0,0)(0,ix)(ix,4)(6,0)(0,ex)(0,4)(gx,0)(0,6)(0,0)(0,0)
(ix,cx)(6,4)(0,0)(0,ex)(ix,4)(0,0)(4,c)(0,0)(gx,0)(0,8x)(4,0)(0,0)
(g,i)(6,4)(0,0)(0,ix)(ix,4)(0,0)(0,ex)(0,0)(gx,0)(0,6)(0,0)(0,0)
(gx,gx)(6,4)(0,0)(0,i)(ix,4)(0,0)(0,8x)(0,0)(gx,2)(0,8x)(4,0)(0,0)
(ix,ix)(6,4)(0,0)(0,ax)(ix,4)(0,0)(0,ex)(0,0)(gx,0)(6,6)(0,0)(0,0)
(gx,ex)(6,4)(0,0)(0,i)(ix,4)(0,0)(0,cx)(2,0)(gx,2)(0,8x)(0,0)(0,0)
(ex,gx)(6,4)(0,0)(0,cx)(ix,4)(0,0)(0,ex)(0,4)(gx,0)(6,6)(0,0)(0,0)
(g,i)(6,4)(0,0)(0,i)(ix,4)(0,0)(0,cx)(0,0)(gx,0)(0,8x)(0,0)(0,0)
(gx,ax)(6,4)(0,0)(0,cx)(ix,4)(6,0)(0,ex)(0,0)(gx,2)(6,6)(0,0)(0,0)
(gx,cx)(6,4)(0,0)(0,gx)(ix,4)(0,0)(4,c)(0,0)(gx,2)(0,8x)(0,0)(2,0)
(ex,ix)(6,4)(0,0)(0,ax)(ix,4)(0,0)(0,ex)(0,4)(gx,0)(6,6)(0,0)(0,0)
(g,ix)(6,4)(0,0)(0,i)(ix,4)(0,0)(0,6)(0,0)(gx,0)(6,8x)(0,0)(0,0)
(ex,cx)(6,4)(0,0)(0,ix)(ix,4)(0,0)(4,c)(0,4)(gx,0)(0,8x)(0,0)(0,0)
(ix,ex)(6,4)(0,0)(0,i)(ix,4)(0,0)(0,ax)(2,0)(gx,0)(0,8x)(0,0)(2,0)
(ix,gx)(6,4)(0,0)(0,i)(ix,4)(0,0)(0,ex)(0,0)(gx,0)(0,6x)(0,0)(0,0)
(ix,cx)(6,4)(0,0)(0,gx)(ix,4)(0,0)(4,ex)(0,0)(gx,0)(0,6)(0,0)(2,0)
(gx,gx)(6,4)(0,0)(0,ix)(ix,4)(0,0)(0,c)(0,0)(gx,2)(0,8x)(0,0)(0,0)
(ex,ex)(6,4)(0,0)(0,i)(ix,4)(0,0)(0,ex)(2,4)(gx,0)(0,2x)(4,0)(0,0)
(g,ix)(6,4)(0,0)(0,c)(ix,4)(0,0)(0,c)(0,0)(gx,0)(6,8x)(0,0)(0,0)
(ex,ex)(6,4)(0,0)(0,cx)(ix,4)(0,0)(0,c)(2,4)(gx,0)(6,8x)(0,0)(0,0)
(ex,gx)(6,4)(0,0)(0,ex)(ix,4)(0,0)(0,ex)(0,4)(gx,0)(0,6)(4,0)(0,0)
(ex,ex)(6,4)(0,0)(0,gx)(ix,4)(0,0)(0,ex)(2,4)(gx,0)(0,6)(0,0)(2,0)
(ix,gx)(6,4)(0,0)(0,ix)(ix,4)(0,0)(0,c)(0,0)(gx,0)(0,8x)(0,0)(0,0)
(ex,gx)(6,4)(0,0)(0,cx)(ix,4)(0,0)(0,c)(0,4)(gx,0)(6,8x)(0,0)(0,0)
(ix,cx)(6,4)(0,0)(0,i)(ix,4)(0,0)(4,6x)(0,0)(gx,0)(6,8x)(0,0)(0,0)
(ix,gx)(6,4)(0,0)(0,gx)(ix,4)(0,0)(0,ex)(0,0)(gx,0)(0,6)(0,0)(2,0)
(g,i)(6,4)(0,0)(0,ex)(ix,4)(0,0)(0,c)(0,0)(gx,0)(0,8x)(4,0)(0,0)
(ex,cx)(6,4)(0,0)(0,ix)(ix,4)(0,0)(4,ex)(0,4)(gx,0)(0,6)(0,0)(0,0)
(g,i)(6,4)(0,0)(0,i)(ix,4)(0,0)(0,ex)(0,0)(gx,0)(0,2x)(4,0)(0,0)
(ix,ex)(6,4)(0,0)(0,i)(ix,4)(0,0)(0,6x)(2,0)(gx,0)(6,8x)(0,0)(0,0)
(g,ix)(6,4)(0,0)(0,c)(ix,4)(0,0)(0,ex)(0,0)(gx,0)(6,6)(0,0)(0,0)
(ix,gx)(6,4)(0,0)(0,i)(ix,4)(0,0)(0,8x)(0,0)(gx,0)(0,8x)(4,0)(0,0)
(ex,ix)(6,4)(0,0)(0,i)(ix,4)(0,0)(0,4x)(0,4)(gx,0)(6,8x)(0,0)(0,0)
(ix,ex)(6,4)(0,0)(0,cx)(ix,4)(0,0)(0,c)(2,0)(gx,0)(6,8x)(0,0)(0,0)
(gx,ex)(6,4)(0,0)(0,i)(ix,4)(0,0)(0,6x)(2,0)(gx,2)(6,8x)(0,0)(0,0)
(ix,gx)(6,4)(0,0)(0,i)(ix,4)(0,0)(0,ax)(0,0)(gx,0)(0,8x)(0,0)(2,0)
(gx,ax)(6,4)(0,0)(0,ix)(ix,4)(6,0)(0,c)(0,0)(gx,2)(0,8x)(0,0)(0,0)
(gx,ix)(6,4)(0,0)(0,8x)(ix,4)(0,0)(0,c)(2,0)(gx,2)(6,8x)(0,0)(0,0)
(ex,gx)(6,4)(0,0)(0,ix)(ix,4)(0,0)(0,c)(0,4)(gx,0)(0,8x)(0,0)(0,0)
(ex,gx)(6,4)(0,0)(0,gx)(ix,4)(0,0)(0,c)(0,4)(gx,0)(0,8x)(0,0)(2,0)
(gx,ax)(6,4)(0,0)(0,i)(ix,4)(6,0)(0,8x)(0,0)(gx,2)(0,8x)(4,0)(0,0)
(ix,cx)(6,4)(0,0)(0,cx)(ix,4)(0,0)(4,ex)(0,0)(gx,0)(6,6)(0,0)(0,0)
(ex,ax)(6,4)(0,0)(0,i)(ix,4)(6,0)(0,ex)(0,4)(gx,0)(0,4x)(0,0)(2,0)
(ix,ax)(6,4)(0,0)(0,cx)(ix,4)(6,0)(0,ex)(0,0)(gx,0)(6,6)(0,0)(0,0)
(gx,ax)(6,4)(0,0)(0,i)(ix,4)(6,0)(0,cx)(0,0)(gx,2)(0,8x)(0,0)(0,0)
(g,i)(6,4)(0,0)(0,i)(ix,4)(0,0)(0,ex)(0,0)(gx,0)(0,4x)(0,0)(2,0)
(ix,cx)(6,4)(0,0)(0,ix)(ix,4)(0,0)(4,c)(0,0)(gx,0)(0,8x)(0,0)(0,0)
(gx,ax)(6,4)(0,0)(0,ex)(ix,4)(6,0)(0,ex)(0,0)(gx,2)(0,6)(4,0)(0,0)
(ix,ex)(6,4)(0,0)(0,ix)(ix,4)(0,0)(0,ex)(2,0)(gx,0)(0,6)(0,0)(0,0)
(ex,gx)(6,4)(0,0)(0,i)(ix,4)(0,0)(0,ex)(0,4)(gx,0)(0,6x)(0,0)(0,0)
(ix,ix)(6,4)(0,0)(0,8x)(ix,4)(0,0)(0,c)(2,0)(gx,0)(6,8x)(0,0)(0,0)
(ex,cx)(6,4)(0,0)(0,ex)(ix,4)(0,0)(4,ex)(0,4)(gx,0)(0,6)(4,0)(0,0)
(gx,gx)(6,4)(0,0)(0,i)(ix,4)(0,0)(0,cx)(0,0)(gx,2)(0,8x)(0,0)(0,0)
(ex,ex)(6,4)(0,0)(0,i)(ix,4)(0,0)(0,ex)(2,4)(gx,0)(0,4x)(0,0)(2,0)
(gx,ex)(6,4)(0,0)(0,i)(ix,4)(0,0)(0,ex)(2,0)(gx,2)(0,6x)(0,0)(0,0)
(ix,ex)(6,4)(0,0)(0,i)(ix,4)(0,0)(0,cx)(2,0)(gx,0)(0,8x)(0,0)(0,0)
(ix,cx)(6,4)(0,0)(0,i)(ix,4)(0,0)(4,ex)(0,0)(gx,0)(0,6x)(0,0)(0,0)
(g,i)(6,4)(0,0)(0,i)(ix,4)(0,0)(0,ex)(0,0)(gx,0)(0,6x)(0,0)(0,0)
(ix,ex)(6,4)(0,0)(0,gx)(ix,4)(0,0)(0,c)(2,0)(gx,0)(0,8x)(0,0)(2,0)
(ix,ex)(6,4)(0,0)(0,i)(ix,4)(0,0)(0,ex)(2,0)(gx,0)(0,6x)(0,0)(0,0)
(gx,cx)(6,4)(0,0)(0,cx)(ix,4)(0,0)(4,c)(0,0)(gx,2)(6,8x)(0,0)(0,0)
(ix,gx)(6,4)(0,0)(0,ix)(ix,4)(0,0)(0,ex)(0,0)(gx,0)(0,6)(0,0)(0,0)
(g,i)(6,4)(0,0)(0,i)(ix,4)(0,0)(0,ax)(0,0)(gx,0)(0,8x)(0,0)(2,0)
(g,i)(6,4)(0,0)(0,cx)(ix,4)(0,0)(0,ex)(0,0)(gx,0)(6,6)(0,0)(0,0)
(ix,cx)(6,4)(0,0)(0,cx)(ix,4)(0,0)(4,c)(0,0)(gx,0)(6,8x)(0,0)(0,0)
(gx,ix)(6,4)(0,0)(0,i)(ix,4)(0,0)(0,2x)(2,0)(gx,2)(6,8x)(0,0)(0,0)
(gx,ix)(6,4)(0,0)(0,6x)(ix,4)(0,0)(4,ex)(0,0)(gx,2)(6,6)(0,0)(0,0)
(ex,gx)(6,4)(0,0)(0,ex)(ix,4)(0,0)(0,c)(0,4)(gx,0)(0,8x)(4,0)(0,0)
(ex,cx)(6,4)(0,0)(0,i)(ix,4)(0,0)(4,ex)(0,4)(gx,0)(0,2x)(4,0)(0,0)
(ix,ex)(6,4)(0,0)(0,i)(ix,4)(0,0)(0,8x)(2,0)(gx,0)(0,8x)(4,0)(0,0)
(ex,gx)(6,4)(0,0)(0,ix)(ix,4)(0,0)(0,ex)(0,4)(gx,0)(0,6)(0,0)(0,0)
(ex,ex)(6,4)(0,0)(0,ix)(ix,4)(0,0)(0,c)(2,4)(gx,0)(0,8x)(0,0)(0,0)
(ix,gx)(6,4)(0,0)(0,i)(ix,4)(0,0)(0,ex)(0,0)(gx,0)(0,2x)(4,0)(0,0)
(gx,cx)(6,4)(0,0)(0,i)(ix,4)(0,0)(4,ex)(0,0)(gx,2)(0,4x)(0,0)(2,0)
(gx,ix)(6,4)(0,0)(0,ax)(ix,4)(0,0)(0,c)(0,0)(gx,2)(6,8x)(0,0)(0,0)
(ex,cx)(6,4)(0,0)(0,cx)(ix,4)(0,0)(4,c)(0,4)(gx,0)(6,8x)(0,0)(0,0)
(gx,ax)(6,4)(0,0)(0,gx)(ix,4)(6,0)(0,ex)(0,0)(gx,2)(0,6)(0,0)(2,0)
(ex,ex)(6,4)(0,0)(0,gx)(ix,4)(0,0)(0,c)(2,4)(gx,0)(0,8x)(0,0)(2,0)
(ex,ix)(6,4)(0,0)(0,ax)(ix,4)(0,0)(0,c)(0,4)(gx,0)(6,8x)(0,0)(0,0)
(ix,gx)(6,4)(0,0)(0,ex)(ix,4)(0,0)(0,c)(0,0)(gx,0)(0,8x)(4,0)(0,0)
(ix,gx)(6,4)(0,0)(0,ex)(ix,4)(0,0)(0,ex)(0,0)(gx,0)(0,6)(4,0)(0,0)
(gx,ix)(6,4)(0,0)(0,6x)(ix,4)(0,0)(4,c)(0,0)(gx,2)(6,8x)(0,0)(0,0)
(ex,ex)(6,4)(0,0)(0,ex)(ix,4)(0,0)(0,c)(2,4)(gx,0)(0,8x)(4,0)(0,0)
(ix,cx)(6,4)(0,0)(0,i)(ix,4)(0,0)(4,ax)(0,0)(gx,0)(0,8x)(0,0)(2,0)
(ix,cx)(6,4)(0,0)(0,ex)(ix,4)(0,0)(4,ex)(0,0)(gx,0)(0,6)(4,0)(0,0)
(ex,cx)(6,4)(0,0)(0,i)(ix,4)(0,0)(4,ax)(0,4)(gx,0)(0,8x)(0,0)(2,0)
(gx,gx)(6,4)(0,0)(0,i)(ix,4)(0,0)(0,ex)(0,0)(gx,2)(0,6x)(0,0)(0,0)
(ix,cx)(6,4)(0,0)(0,ix)(ix,4)(0,0)(4,ex)(0,0)(gx,0)(0,6)(0,0)(0,0)
(ex,ax)(6,4)(0,0)(0,i)(ix,4)(6,0)(0,ax)(0,4)(gx,0)(0,8x)(0,0)(2,0)
(gx,cx)(6,4)(0,0)(0,ex)(ix,4)(0,0)(4,c)(0,0)(gx,2)(0,8x)(4,0)(0,0)
(ex,ex)(6,4)(0,0)(0,i)(ix,4)(0,0)(0,6x)(2,4)(gx,0)(6,8x)(0,0)(0,0)
(ex,gx)(6,4)(0,0)(0,i)(ix,4)(0,0)(0,8x)(0,4)(gx,0)(0,8x)(4,0)(0,0)
(gx,cx)(6,4)(0,0)(0,i)(ix,4)(0,0)(4,6x)(0,0)(gx,2)(6,8x)(0,0)(0,0)
(ix,ex)(6,4)(0,0)(0,i)(ix,4)(0,0)(0,ex)(2,0)(gx,0)(0,4x)(0,0)(2,0)
(ex,ax)(6,4)(0,0)(0,cx)(ix,4)(6,0)(0,ex)(0,4)(gx,0)(6,6)(0,0)(0,0)
(gx,gx)(6,4)(0,0)(0,gx)(ix,4)(0,0)(0,ex)(0,0)(gx,2)(0,6)(0,0)(2,0)
(gx,ex)(6,4)(0,0)(0,ix)(ix,4)(0,0)(0,ex)(2,0)(gx,2)(0,6)(0,0)(0,0)
(ix,ix)(6,4)(0,0)(0,6x)(ix,4)(0,0)(4,c)(0,0)(gx,0)(6,8x)(0,0)(0,0)
(ex,cx)(6,4)(0,0)(0,gx)(ix,4)(0,0)(4,ex)(0,4)(gx,0)(0,6)(0,0)(2,0)