#total=6806
(ex,gx)(0,0)(4,0)(0,ix)(ex,4)(0,0)(0,i)(0,4)(gx,0)(0,ax)(0,0)(0,2)
(ix,cx)(0,4)(0,0)(0,gx)(ix,0)(0,2)(4,c)(0,0)(ix,0)(0,ex)(0,0)(2,0)
(ix,ax)(0,0)(4,0)(0,ex)(gx,4)(6,0)(0,gx)(0,0)(gx,0)(0,c)(4,0)(0,0)
(ix,ax)(0,0)(4,0)(0,ix)(ex,0)(6,2)(0,gx)(0,0)(ix,0)(0,c)(0,0)(0,2)
(g,i)(0,4)(0,0)(2,ix)(ix,0)(0,2)(0,ix)(0,0)(ix,0)(0,6)(0,0)(0,0)
(gx,ex)(6,0)(0,0)(0,ix)(gx,0)(0,0)(0,ex)(2,0)(ex,2)(0,i)(0,0)(0,0)
(ix,cx)(0,4)(0,0)(2,ex)(ix,4)(0,0)(4,c)(0,0)(gx,0)(0,cx)(4,0)(0,0)
(gx,ax)(0,0)(0,0)(2,ix)(cx,0)(6,2)(0,ix)(0,0)(ix,2)(0,c)(0,4)(0,0)
(ix,ax)(0,4)(4,0)(0,i)(ix,4)(6,0)(0,8x)(0,0)(gx,0)(0,ax)(4,0)(0,0)
(gx,ax)(0,4)(4,0)(0,ex)(ix,0)(6,0)(0,gx)(0,0)(6x,2)(0,i)(4,0)(0,2)
(ex,gx)(0,0)(0,0)(2,gx)(gx,0)(0,2)(0,ix)(0,4)(ix,0)(0,c)(0,0)(2,0)
(gx,gx)(0,0)(4,0)(0,ex)(gx,0)(0,0)(0,gx)(0,0)(ex,2)(0,i)(4,0)(0,0)
(ix,ax)(0,0)(4,0)(0,cx)(ex,0)(6,2)(0,gx)(0,0)(ix,0)(6,c)(0,0)(0,2)
(ix,gx)(6,0)(0,0)(0,cx)(ex,4)(0,0)(0,ex)(0,0)(gx,0)(6,c)(0,0)(0,2)
(ix,ix)(6,4)(0,0)(0,8x)(ix,0)(0,0)(0,ex)(2,0)(6x,0)(6,i)(0,0)(0,2)
(gx,ix)(6,4)(0,0)(0,6x)(ix,0)(0,0)(4,ex)(0,0)(6x,2)(6,i)(0,0)(0,2)
(ex,ax)(0,0)(0,0)(2,ix)(gx,4)(6,0)(0,ix)(0,4)(gx,0)(0,c)(0,0)(0,0)
(ix,ax)(0,0)(4,0)(0,ex)(gx,0)(6,2)(0,i)(0,0)(ix,0)(0,ax)(4,0)(0,0)
(ex,ix)(6,0)(0,0)(0,8x)(ex,0)(0,0)(0,ex)(2,4)(ex,0)(6,i)(0,0)(0,2)
(ex,gx)(0,0)(4,0)(0,ix)(gx,4)(0,0)(0,gx)(0,4)(gx,0)(0,c)(0,0)(0,0)
(gx,ax)(0,0)(4,0)(0,ex)(cx,0)(6,0)(0,gx)(0,0)(ex,2)(0,i)(4,4)(0,0)
(ix,cx)(0,4)(4,0)(0,cx)(ix,0)(0,2)(4,c)(0,0)(ix,0)(6,ax)(0,0)(0,0)
(ex,cx)(0,0)(4,2)(0,ex)(cx,0)(0,0)(4,gx)(0,4)(cx,0)(0,i)(4,4)(0,0)
(ix,ax)(0,0)(0,2)(2,ix)(cx,0)(6,0)(0,ix)(0,0)(cx,0)(0,i)(0,4)(0,0)
(ex,gx)(0,4)(4,0)(0,gx)(ix,4)(0,0)(0,c)(0,4)(gx,0)(0,ax)(0,0)(2,0)
(ex,gx)(6,4)(0,0)(0,ex)(ix,0)(0,2)(0,ex)(0,4)(ix,0)(0,6)(4,0)(0,0)
(ex,gx)(0,4)(0,0)(0,ex)(ix,0)(0,2)(0,c)(0,4)(ix,0)(0,ex)(4,0)(0,0)
(ix,gx)(0,4)(0,0)(2,cx)(ix,0)(0,0)(0,ix)(0,0)(6x,0)(6,i)(0,0)(0,2)
(ix,ix)(6,0)(0,2)(0,8x)(ex,0)(0,0)(0,ex)(2,0)(cx,0)(6,i)(0,0)(0,2)
(gx,cx)(0,0)(4,0)(0,gx)(ex,0)(0,2)(4,i)(0,0)(ix,2)(0,ax)(0,0)(2,2)
(ex,cx)(0,0)(4,0)(0,ix)(gx,0)(0,2)(4,gx)(0,4)(ix,0)(0,c)(0,0)(0,0)
(ix,ax)(0,0)(4,2)(0,ix)(cx,0)(6,0)(0,gx)(0,0)(cx,0)(0,i)(0,4)(0,0)
(ix,ix)(0,0)(0,0)(0,i)(8,4)(0,0)(0,i)(0,0)(gx,0)(6,ex)(0,0)(0,0)
(gx,ex)(0,0)(4,0)(0,ex)(cx,0)(0,2)(0,gx)(2,0)(ix,2)(0,c)(4,4)(0,0)
(ex,ax)(6,0)(0,0)(0,i)(g,0)(6,0)(0,ex)(0,4)(ex,0)(0,i)(0,0)(0,0)
(gx,gx)(0,0)(0,0)(2,gx)(cx,4)(0,0)(0,i)(0,0)(gx,2)(0,cx)(0,4)(2,0)
(gx,gx)(0,4)(0,0)(2,i)(ix,4)(0,0)(0,6x)(0,0)(gx,2)(6,cx)(0,0)(0,0)
(ex,cx)(0,0)(0,0)(2,gx)(cx,4)(0,0)(4,i)(0,4)(gx,0)(0,cx)(0,4)(2,0)
(ix,ix)(0,4)(4,0)(0,6x)(ix,0)(0,0)(4,gx)(0,0)(8x,0)(6,i)(0,0)(0,0)
(ix,ex)(6,4)(0,0)(0,ex)(ix,0)(0,2)(0,ex)(2,0)(ix,0)(0,6)(4,0)(0,0)
(ix,ex)(0,0)(0,0)(0,ex)(gx,0)(0,0)(0,i)(2,0)(g,0)(0,i)(4,0)(0,0)
(ix,cx)(0,4)(4,0)(0,gx)(gx,0)(0,0)(4,gx)(0,0)(ax,0)(0,i)(0,0)(2,0)
(g,ix)(6,0)(0,0)(0,c)(gx,0)(0,2)(0,i)(0,0)(ix,0)(6,8x)(0,0)(0,0)
(ix,ex)(0,0)(4,0)(0,cx)(cx,4)(0,0)(0,gx)(2,0)(gx,0)(6,c)(0,4)(0,0)
(g,ix)(0,0)(4,0)(0,c)(gx,0)(0,2)(0,i)(0,0)(ix,0)(6,ax)(0,0)(0,0)
(g,i)(0,4)(4,0)(0,gx)(ex,0)(0,0)(0,gx)(0,0)(ax,0)(0,i)(0,0)(2,2)
(g,i)(0,0)(4,0)(0,cx)(cx,0)(0,2)(0,i)(0,0)(ix,0)(6,ax)(0,4)(0,0)
(gx,gx)(0,0)(4,0)(0,ex)(cx,0)(0,2)(0,gx)(0,0)(ix,2)(0,c)(4,4)(0,0)
(ex,ax)(0,4)(0,0)(2,i)(ix,4)(6,0)(0,cx)(0,4)(gx,0)(0,cx)(0,0)(0,0)
(ex,gx)(0,0)(0,0)(2,ex)(cx,0)(0,2)(0,i)(0,4)(ix,0)(0,cx)(4,4)(0,0)
(ex,ax)(6,0)(0,0)(0,gx)(gx,0)(6,2)(0,i)(0,4)(ix,0)(0,8x)(0,0)(2,0)
(g,ix)(0,0)(0,0)(2,c)(cx,0)(0,0)(0,ix)(0,0)(ex,0)(6,i)(0,4)(0,0)
(ex,gx)(0,0)(0,0)(2,gx)(cx,0)(0,2)(0,i)(0,4)(ix,0)(0,cx)(0,4)(2,0)
(ix,ix)(0,0)(4,0)(0,8x)(ex,0)(0,0)(0,gx)(2,0)(ex,0)(6,i)(0,0)(0,2)
(gx,ax)(6,0)(0,0)(0,ix)(cx,0)(6,0)(0,ex)(0,0)(ex,2)(0,i)(0,4)(0,0)
(ex,cx)(0,0)(4,0)(0,gx)(cx,4)(0,0)(4,gx)(0,4)(gx,0)(0,c)(0,4)(2,0)
(ix,ix)(6,0)(0,0)(0,ax)(gx,0)(0,2)(0,ex)(0,0)(ix,0)(6,c)(0,0)(0,0)
(ix,ex)(0,0)(0,0)(2,gx)(gx,0)(0,0)(0,ix)(2,0)(ex,0)(0,i)(0,0)(2,0)
(ix,ax)(6,0)(0,0)(0,gx)(ex,0)(6,2)(0,i)(0,0)(ix,0)(0,8x)(0,0)(2,2)
(ix,gx)(6,4)(0,0)(0,ix)(ix,0)(0,2)(0,ex)(0,0)(ix,0)(0,6)(0,0)(0,0)
(ix,ax)(6,0)(0,0)(0,ix)(gx,0)(6,2)(0,ex)(0,0)(ix,0)(0,c)(0,0)(0,0)
(gx,ex)(0,4)(0,0)(2,ex)(ix,4)(0,0)(0,ix)(2,0)(gx,2)(0,6)(4,0)(0,0)
(ix,ax)(0,0)(0,0)(2,cx)(cx,4)(6,0)(0,ix)(0,0)(gx,0)(6,c)(0,4)(0,0)
(ix,gx)(0,4)(4,0)(0,i)(ix,4)(0,0)(0,cx)(0,0)(gx,0)(0,ax)(0,0)(0,0)
(gx,cx)(6,0)(0,0)(0,gx)(cx,0)(0,0)(4,ex)(0,0)(ex,2)(0,i)(0,4)(2,0)
(ix,ax)(6,0)(0,0)(0,ix)(ex,4)(6,0)(0,ex)(0,0)(gx,0)(0,c)(0,0)(0,2)
(ix,ex)(0,4)(0,0)(2,cx)(ix,0)(0,0)(0,ix)(2,0)(8x,0)(6,i)(0,0)(0,0)
(ix,ix)(0,0)(4,2)(0,ax)(cx,0)(0,0)(0,gx)(0,0)(cx,0)(6,i)(0,4)(0,0)
(ix,ix)(6,4)(0,0)(0,6x)(ix,0)(0,0)(4,ex)(0,0)(6x,0)(6,i)(0,0)(0,2)
(g,i)(6,0)(0,0)(0,cx)(ex,4)(0,0)(0,ex)(0,0)(gx,0)(6,c)(0,0)(0,2)
(ex,ix)(0,4)(4,0)(0,i)(ix,4)(0,0)(0,4x)(0,4)(gx,0)(6,ax)(0,0)(0,0)
(ex,ex)(0,4)(4,0)(0,ex)(gx,0)(0,0)(0,gx)(2,4)(ax,0)(0,i)(4,0)(0,0)
(ix,gx)(0,4)(0,0)(2,gx)(ix,0)(0,2)(0,c)(0,0)(ix,0)(0,cx)(0,0)(2,0)
(ix,cx)(6,0)(0,0)(0,ex)(cx,0)(0,0)(4,ex)(0,0)(ex,0)(0,i)(4,4)(0,0)
(ix,gx)(0,0)(0,0)(0,cx)(gx,0)(0,0)(0,i)(0,0)(g,0)(6,i)(0,0)(0,0)
(ex,ax)(0,0)(4,0)(0,cx)(gx,0)(6,2)(0,i)(0,4)(ix,0)(6,ax)(0,0)(0,0)
(gx,cx)(6,0)(0,2)(0,gx)(cx,0)(0,0)(4,ex)(0,0)(cx,2)(0,i)(0,4)(2,0)
(g,i)(6,4)(0,0)(0,ix)(gx,0)(0,0)(0,ex)(0,0)(ax,0)(0,i)(0,0)(0,0)
(ex,ax)(0,4)(0,0)(2,ix)(ix,0)(6,2)(0,c)(0,4)(ix,0)(0,cx)(0,0)(0,0)
(ex,ex)(6,4)(0,0)(0,cx)(cx,0)(0,0)(0,ex)(2,4)(ax,0)(6,i)(0,4)(0,0)
(gx,ex)(0,0)(0,0)(0,gx)(cx,4)(0,0)(0,i)(2,0)(gx,2)(0,ex)(0,4)(2,0)
(ex,gx)(6,0)(0,0)(0,ix)(cx,0)(0,0)(0,ex)(0,4)(ex,0)(0,i)(0,4)(0,0)
(ix,gx)(0,0)(4,0)(0,cx)(gx,0)(0,2)(0,gx)(0,0)(ix,0)(6,c)(0,0)(0,0)
(ix,ax)(0,0)(4,2)(0,ex)(gx,0)(6,0)(0,gx)(0,0)(cx,0)(0,i)(4,0)(0,0)
(ix,ax)(6,4)(0,0)(0,i)(ix,0)(6,2)(0,8x)(0,0)(ix,0)(0,8x)(4,0)(0,0)
(ex,cx)(0,4)(0,0)(2,cx)(ix,0)(0,2)(4,ix)(0,4)(ix,0)(6,6)(0,0)(0,0)
(g,i)(0,0)(4,0)(0,ix)(gx,4)(0,0)(0,i)(0,0)(gx,0)(0,ax)(0,0)(0,0)
(ix,ex)(0,0)(0,0)(2,gx)(ex,4)(0,0)(0,i)(2,0)(gx,0)(0,cx)(0,0)(2,2)
(gx,ix)(0,4)(0,0)(0,ax)(ix,0)(0,0)(0,c)(0,0)(g,2)(6,i)(0,0)(0,0)
(ex,cx)(0,4)(0,0)(0,gx)(ix,0)(0,2)(4,c)(0,4)(ix,0)(0,ex)(0,0)(2,0)
(ex,cx)(0,0)(0,0)(2,cx)(cx,0)(0,2)(4,i)(0,4)(ix,0)(6,cx)(0,4)(0,0)
(g,i)(0,4)(0,0)(2,ex)(cx,0)(0,0)(0,ix)(0,0)(ax,0)(0,i)(4,4)(0,0)
(ex,cx)(0,4)(0,0)(2,cx)(ix,0)(0,0)(4,ix)(0,4)(8x,0)(6,i)(0,0)(0,0)
(ex,gx)(6,0)(0,2)(0,ex)(gx,0)(0,0)(0,ex)(0,4)(cx,0)(0,i)(4,0)(0,0)
(ix,gx)(0,0)(4,0)(0,ex)(gx,0)(0,2)(0,i)(0,0)(ix,0)(0,ax)(4,0)(0,0)
(ix,ex)(6,0)(0,0)(0,cx)(ex,0)(0,2)(0,i)(2,0)(ix,0)(6,8x)(0,0)(0,2)
(gx,cx)(0,4)(4,0)(0,i)(ix,0)(0,2)(4,8x)(0,0)(ix,2)(0,ax)(4,0)(0,0)
(ex,cx)(0,4)(0,0)(0,ix)(ix,4)(0,0)(4,c)(0,4)(gx,0)(0,ex)(0,0)(0,0)
(ix,cx)(0,4)(0,0)(2,i)(ix,4)(0,0)(4,ax)(0,0)(gx,0)(0,cx)(0,0)(2,0)
(ex,ex)(6,0)(0,0)(0,gx)(ex,0)(0,2)(0,i)(2,4)(ix,0)(0,8x)(0,0)(2,2)
(ex,gx)(6,4)(0,0)(0,ex)(ix,0)(0,0)(0,ex)(0,4)(6x,0)(0,i)(4,0)(0,2)
(ex,cx)(0,0)(0,0)(0,cx)(ex,4)(0,0)(4,i)(0,4)(gx,0)(6,ex)(0,0)(0,2)
(ex,cx)(0,0)(0,0)(2,cx)(gx,0)(0,2)(4,i)(0,4)(ix,0)(6,cx)(0,0)(0,0)
(ex,cx)(0,0)(4,0)(0,i)(g,4)(0,0)(4,i)(0,4)(gx,0)(0,ax)(0,0)(0,0)
(gx,ex)(0,0)(4,2)(0,gx)(ex,0)(0,0)(0,gx)(2,0)(cx,2)(0,i)(0,0)(2,2)
(ix,gx)(0,4)(0,0)(2,i)(ix,0)(0,2)(0,ix)(0,0)(ix,0)(0,6x)(0,0)(0,0)
(ix,ax)(6,0)(0,0)(0,ex)(gx,0)(6,2)(0,i)(0,0)(ix,0)(0,8x)(4,0)(0,0)
(ex,ax)(0,0)(0,0)(2,ex)(gx,0)(6,2)(0,i)(0,4)(ix,0)(0,cx)(4,0)(0,0)
(ex,gx)(6,0)(0,0)(0,cx)(ex,0)(0,0)(0,ex)(0,4)(ex,0)(6,i)(0,0)(0,2)
(gx,gx)(6,0)(0,2)(0,cx)(cx,0)(0,0)(0,ex)(0,0)(cx,2)(6,i)(0,4)(0,0)
(ix,gx)(0,0)(0,0)(2,gx)(ex,4)(0,0)(0,i)(0,0)(gx,0)(0,cx)(0,0)(2,2)
(ix,ax)(0,0)(4,0)(0,cx)(cx,0)(6,2)(0,gx)(0,0)(ix,0)(6,c)(0,4)(0,0)
(ix,ix)(0,0)(0,0)(2,8x)(gx,0)(0,2)(0,ix)(2,0)(ix,0)(6,c)(0,0)(0,0)
(ix,ax)(0,4)(4,0)(0,i)(ix,0)(6,2)(0,6x)(0,0)(ix,0)(6,ax)(0,0)(0,0)
(g,ix)(0,0)(0,0)(2,c)(gx,0)(0,0)(0,ix)(0,0)(ex,0)(6,i)(0,0)(0,0)
(ix,cx)(0,0)(4,2)(0,ix)(cx,0)(0,0)(4,gx)(0,0)(cx,0)(0,i)(0,4)(0,0)
(ex,ix)(0,0)(4,2)(0,ax)(cx,0)(0,0)(0,gx)(0,4)(cx,0)(6,i)(0,4)(0,0)
(ex,ax)(6,0)(0,0)(0,cx)(ex,4)(6,0)(0,ex)(0,4)(gx,0)(6,c)(0,0)(0,2)
(ex,ex)(0,4)(4,0)(0,cx)(ex,0)(0,0)(0,gx)(2,4)(ax,0)(6,i)(0,0)(0,2)
(ix,ex)(0,0)(4,0)(0,ix)(gx,0)(0,2)(0,i)(2,0)(ix,0)(0,ax)(0,0)(0,0)
(ex,gx)(0,0)(4,0)(0,ex)(gx,0)(0,2)(0,gx)(0,4)(ix,0)(0,c)(4,0)(0,0)
(ix,ix)(6,0)(0,2)(0,i)(8,0)(0,0)(0,ex)(0,0)(cx,0)(6,i)(0,0)(0,0)
(ix,cx)(0,0)(0,0)(0,gx)(ex,0)(0,2)(4,i)(0,0)(ix,0)(0,ex)(0,0)(2,2)
(ex,ax)(6,0)(0,0)(0,ix)(cx,4)(6,0)(0,ex)(0,4)(gx,0)(0,c)(0,4)(0,0)
(ix,cx)(0,0)(4,0)(0,i)(g,4)(0,0)(4,gx)(0,0)(gx,0)(0,c)(0,0)(0,0)
(ix,gx)(0,4)(0,0)(2,ex)(ix,4)(0,0)(0,ix)(0,0)(gx,0)(0,6)(4,0)(0,0)
(ex,ex)(0,0)(0,0)(2,cx)(gx,0)(0,0)(0,ix)(2,4)(ex,0)(6,i)(0,0)(0,0)
(ix,ix)(6,0)(0,0)(0,8x)(ex,4)(0,0)(0,i)(2,0)(gx,0)(6,8x)(0,0)(0,2)
(ex,ix)(6,0)(0,0)(0,6x)(ex,0)(0,0)(4,ex)(0,4)(ex,0)(6,i)(0,0)(0,2)
(ex,gx)(6,0)(0,0)(0,gx)(ex,0)(0,0)(0,ex)(0,4)(ex,0)(0,i)(0,0)(2,2)
(g,i)(6,0)(0,0)(0,cx)(gx,0)(0,2)(0,i)(0,0)(ix,0)(6,8x)(0,0)(0,0)
(ex,ex)(6,0)(0,0)(0,cx)(ex,4)(0,0)(0,ex)(2,4)(gx,0)(6,c)(0,0)(0,2)
(g,i)(0,0)(0,0)(2,ex)(ex,0)(0,2)(0,ix)(0,0)(ix,0)(0,c)(4,0)(0,2)
(ex,cx)(0,0)(0,0)(0,ix)(gx,0)(0,0)(4,i)(0,4)(g,0)(0,i)(0,0)(0,0)
(ix,gx)(6,4)(0,0)(0,i)(ix,0)(0,2)(0,ex)(0,0)(ix,0)(0,4x)(0,0)(2,0)
(ex,cx)(0,0)(4,0)(0,gx)(cx,0)(0,0)(4,gx)(0,4)(ex,0)(0,i)(0,4)(2,0)
(ex,gx)(0,0)(4,0)(0,gx)(cx,4)(0,0)(0,gx)(0,4)(gx,0)(0,c)(0,4)(2,0)
(gx,ax)(0,0)(0,0)(2,ex)(cx,0)(6,0)(0,ix)(0,0)(ex,2)(0,i)(4,4)(0,0)
(ex,ax)(0,0)(4,0)(0,ex)(gx,0)(6,0)(0,gx)(0,4)(ex,0)(0,i)(4,0)(0,0)
(ex,ex)(0,4)(4,0)(0,i)(ix,0)(0,2)(0,8x)(2,4)(ix,0)(0,ax)(4,0)(0,0)
(ex,ix)(6,4)(0,0)(0,ax)(ix,0)(0,0)(0,ex)(0,4)(8x,0)(6,i)(0,0)(0,0)
(ix,gx)(0,0)(0,0)(0,ix)(ex,0)(0,2)(0,i)(0,0)(ix,0)(0,ex)(0,0)(0,2)
(gx,ax)(0,4)(0,0)(0,i)(ix,0)(6,2)(0,8x)(0,0)(ix,2)(0,ex)(4,0)(0,0)
(gx,gx)(0,0)(4,2)(0,gx)(ex,0)(0,0)(0,gx)(0,0)(cx,2)(0,i)(0,0)(2,2)
(ix,ax)(0,0)(4,0)(0,gx)(gx,0)(6,0)(0,gx)(0,0)(ex,0)(0,i)(0,0)(2,0)
(g,i)(0,4)(0,0)(2,ix)(ex,0)(0,0)(0,ix)(0,0)(ax,0)(0,i)(0,0)(0,2)
(gx,ax)(6,0)(0,0)(0,gx)(gx,0)(6,2)(0,ex)(0,0)(ix,2)(0,c)(0,0)(2,0)
(ix,ex)(0,0)(0,0)(0,ex)(ex,0)(0,2)(0,i)(2,0)(ix,0)(0,ex)(4,0)(0,2)
(gx,gx)(0,4)(4,0)(0,cx)(cx,0)(0,0)(0,gx)(0,0)(ax,2)(6,i)(0,4)(0,0)
(ix,ax)(0,0)(4,0)(0,cx)(gx,0)(6,2)(0,gx)(0,0)(ix,0)(6,c)(0,0)(0,0)
(ix,gx)(0,4)(0,0)(2,ex)(cx,0)(0,0)(0,ix)(0,0)(ax,0)(0,i)(4,4)(0,0)
(gx,gx)(0,0)(0,0)(2,ex)(ex,4)(0,0)(0,i)(0,0)(gx,2)(0,cx)(4,0)(0,2)
(g,ix)(6,4)(0,0)(0,c)(ex,0)(0,0)(0,ex)(0,0)(ax,0)(6,i)(0,0)(0,2)
(ix,gx)(0,4)(4,0)(0,i)(ix,4)(0,0)(0,8x)(0,0)(gx,0)(0,ax)(4,0)(0,0)
(gx,ix)(0,4)(4,0)(0,8x)(ex,0)(0,0)(0,gx)(2,0)(ax,2)(6,i)(0,0)(0,2)
(gx,cx)(6,4)(0,0)(0,gx)(ex,0)(0,0)(4,ex)(0,0)(ax,2)(0,i)(0,0)(2,2)
(gx,gx)(0,0)(0,2)(2,gx)(cx,0)(0,0)(0,ix)(0,0)(cx,2)(0,i)(0,4)(2,0)
(ex,ax)(0,0)(4,0)(0,ex)(cx,4)(6,0)(0,i)(0,4)(gx,0)(0,ax)(4,4)(0,0)
(ex,cx)(6,4)(0,0)(0,gx)(ex,0)(0,0)(4,ex)(0,4)(ax,0)(0,i)(0,0)(2,2)
(gx,ex)(0,4)(4,0)(0,cx)(cx,0)(0,0)(0,gx)(2,0)(ax,2)(6,i)(0,4)(0,0)
(gx,cx)(0,0)(0,0)(2,ex)(gx,4)(0,0)(4,ix)(0,0)(gx,2)(0,c)(4,0)(0,0)
(ix,ex)(0,0)(4,0)(0,ex)(ex,0)(0,0)(0,gx)(2,0)(ex,0)(0,i)(4,0)(0,2)
(ix,ix)(0,0)(0,0)(2,i)(8,0)(0,0)(0,ix)(0,0)(ex,0)(6,i)(0,0)(0,0)
(ix,gx)(0,0)(0,0)(0,gx)(ex,0)(0,0)(0,i)(0,0)(g,0)(0,i)(0,0)(2,2)
(ex,gx)(0,0)(4,0)(0,cx)(cx,0)(0,2)(0,i)(0,4)(ix,0)(6,ax)(0,4)(0,0)
(ix,ex)(6,4)(0,0)(0,ex)(ex,0)(0,0)(0,ex)(2,0)(ax,0)(0,i)(4,0)(0,2)
(ix,ax)(0,0)(0,0)(2,i)(g,0)(6,2)(0,i)(0,0)(ix,0)(0,cx)(0,0)(0,0)
(ix,ax)(0,4)(0,0)(2,ex)(ix,0)(6,2)(0,c)(0,0)(ix,0)(0,cx)(4,0)(0,0)
(ex,ex)(0,0)(4,0)(0,i)(g,0)(0,2)(0,gx)(2,4)(ix,0)(0,c)(0,0)(0,0)
(ix,ix)(6,4)(0,0)(0,ax)(ix,0)(0,2)(0,ex)(0,0)(ix,0)(6,6)(0,0)(0,0)
(ix,cx)(0,0)(4,0)(0,ex)(cx,0)(0,0)(4,gx)(0,0)(ex,0)(0,i)(4,4)(0,0)
(ex,gx)(0,4)(0,0)(2,ix)(ix,0)(0,0)(0,ix)(0,4)(8x,0)(0,i)(0,0)(0,0)
(ex,ix)(6,0)(0,0)(0,6x)(cx,4)(0,0)(4,ex)(0,4)(gx,0)(6,c)(0,4)(0,0)
(ex,cx)(6,0)(0,0)(0,gx)(ex,4)(0,0)(4,ex)(0,4)(gx,0)(0,c)(0,0)(2,2)
(ix,gx)(0,4)(0,0)(0,i)(ix,4)(0,0)(0,ax)(0,0)(gx,0)(0,ex)(0,0)(2,0)
(gx,cx)(0,0)(4,0)(0,gx)(gx,0)(0,0)(4,gx)(0,0)(ex,2)(0,i)(0,0)(2,0)
(ex,gx)(6,0)(0,2)(0,ex)(cx,0)(0,0)(0,ex)(0,4)(cx,0)(0,i)(4,4)(0,0)
(ix,ix)(0,4)(4,0)(0,6x)(ix,0)(0,0)(4,gx)(0,0)(6x,0)(6,i)(0,0)(0,2)
(gx,ex)(0,4)(4,0)(0,ex)(cx,0)(0,0)(0,gx)(2,0)(ax,2)(0,i)(4,4)(0,0)
(gx,ix)(0,0)(4,0)(0,6x)(gx,0)(0,0)(4,gx)(0,0)(ex,2)(6,i)(0,0)(0,0)
(gx,cx)(0,0)(0,0)(2,ix)(ex,4)(0,0)(4,ix)(0,0)(gx,2)(0,c)(0,0)(0,2)
(ex,ax)(0,4)(0,0)(0,cx)(ix,0)(6,0)(0,c)(0,4)(g,0)(6,i)(0,0)(0,0)
(ex,ex)(6,0)(0,0)(0,cx)(cx,4)(0,0)(0,ex)(2,4)(gx,0)(6,c)(0,4)(0,0)
(gx,ax)(0,0)(4,0)(0,ex)(gx,0)(6,0)(0,gx)(0,0)(ex,2)(0,i)(4,0)(0,0)
(ex,cx)(0,0)(0,0)(0,gx)(cx,4)(0,0)(4,i)(0,4)(gx,0)(0,ex)(0,4)(2,0)
(ix,ax)(0,0)(0,0)(2,gx)(ex,4)(6,0)(0,i)(0,0)(gx,0)(0,cx)(0,0)(2,2)
(gx,gx)(6,4)(0,0)(0,gx)(ix,0)(0,2)(0,ex)(0,0)(ix,2)(0,6)(0,0)(2,0)
(ix,ix)(6,0)(0,0)(0,ax)(cx,4)(0,0)(0,ex)(0,0)(gx,0)(6,c)(0,4)(0,0)
(ex,ax)(0,4)(4,0)(0,i)(ix,4)(6,0)(0,gx)(0,4)(gx,0)(0,6x)(0,0)(0,0)
(g,i)(0,0)(4,0)(0,ix)(ex,0)(0,2)(0,i)(0,0)(ix,0)(0,ax)(0,0)(0,2)
(ix,cx)(0,0)(4,2)(0,ix)(gx,0)(0,0)(4,gx)(0,0)(cx,0)(0,i)(0,0)(0,0)
(ex,gx)(6,4)(0,0)(0,ex)(gx,0)(0,0)(0,ex)(0,4)(ax,0)(0,i)(4,0)(0,0)
(gx,ix)(0,0)(0,0)(0,8x)(gx,4)(0,0)(0,i)(2,0)(gx,2)(6,ex)(0,0)(0,0)
(g,ix)(0,4)(4,0)(0,c)(ex,0)(0,0)(0,gx)(0,0)(ax,0)(6,i)(0,0)(0,2)
(ix,ex)(6,0)(0,0)(0,cx)(cx,4)(0,0)(0,ex)(2,0)(gx,0)(6,c)(0,4)(0,0)
(ex,ex)(0,0)(4,0)(0,ex)(gx,0)(0,2)(0,gx)(2,4)(ix,0)(0,c)(4,0)(0,0)
(gx,ix)(0,0)(4,0)(0,ax)(gx,4)(0,0)(0,i)(0,0)(gx,2)(6,ax)(0,0)(0,0)
(gx,ax)(0,0)(4,0)(0,ix)(gx,0)(6,0)(0,gx)(0,0)(ex,2)(0,i)(0,0)(0,0)
(ex,gx)(0,0)(0,0)(2,ex)(gx,0)(0,0)(0,ix)(0,4)(ex,0)(0,i)(4,0)(0,0)
(ix,ex)(0,4)(4,0)(0,ix)(gx,0)(0,0)(0,gx)(2,0)(ax,0)(0,i)(0,0)(0,0)