#total=21300
(ix,w)(8,6)(0,0)(0,0)(0,cx)(wx,6)(0,0)(0,0)(0,ix)(0,6)(a,0)(0,0)(0,ix)(0,0)(0,0)(kx,0)(0,8)(6,0)(0,0)(0,0)
(ox,cx)(8,6)(0,0)(0,0)(0,ex)(mx,6)(8,0)(0,0)(0,o)(0,0)(ux,0)(8,0)(0,8x)(0,0)(0,0)(cx,0)(8,ax)(0,0)(0,0)(0,0)
(ox,cx)(8,6)(0,0)(0,0)(0,mx)(wx,6)(8,0)(0,0)(0,g)(0,0)(ux,0)(0,0)(0,gx)(0,0)(0,0)(ax,0)(0,ax)(0,0)(0,0)(0,0)
(qx,ux)(8,6)(0,0)(0,0)(0,w)(a,6)(0,0)(0,0)(0,8)(0,0)(ux,0)(0,0)(0,gx)(0,6)(0,0)(cx,0)(0,ax)(0,0)(0,0)(0,0)
(ox,ex)(8,6)(0,0)(0,0)(0,mx)(gx,6)(0,0)(6,0)(0,ox)(0,0)(mx,0)(0,0)(0,ix)(0,6)(0,0)(kx,0)(0,8)(0,0)(0,0)(0,0)
(ox,cx)(8,6)(0,0)(0,0)(0,wx)(gx,6)(8,0)(0,0)(0,qx)(0,0)(ux,0)(0,0)(0,6x)(0,6)(0,0)(cx,0)(0,8)(0,0)(0,0)(0,0)
(ix,cx)(8,6)(0,0)(0,0)(0,gx)(mx,6)(8,0)(0,0)(0,qx)(0,6)(ux,0)(0,0)(6,8x)(0,0)(0,0)(cx,0)(8,8)(0,0)(0,0)(0,0)
(qx,cx)(8,6)(0,0)(0,0)(0,wx)(k,6)(8,0)(0,0)(0,8)(0,0)(ux,0)(0,0)(0,ix)(0,6)(0,0)(cx,0)(0,8)(0,0)(0,0)(0,0)
(ix,ex)(8,6)(0,0)(0,0)(0,gx)(wx,6)(0,0)(6,0)(0,o)(0,6)(k,0)(0,0)(6,8)(0,0)(0,0)(kx,0)(0,ax)(0,0)(0,0)(0,0)
(ox,mx)(8,6)(0,0)(0,0)(0,cx)(gx,6)(0,0)(0,0)(0,o)(0,0)(mx,0)(8,0)(0,8x)(0,6)(0,0)(kx,0)(8,ax)(0,0)(0,0)(0,0)
(wx,ox)(8,6)(0,0)(0,0)(0,g)(a,6)(0,0)(0,0)(0,o)(0,0)(ux,0)(0,0)(6,gx)(0,0)(0,0)(cx,0)(0,ax)(0,0)(0,0)(0,0)
(ox,cx)(8,6)(0,0)(0,0)(0,ex)(ux,6)(8,0)(0,0)(0,gx)(0,0)(mx,0)(8,0)(0,8)(0,0)(0,0)(kx,0)(8,ax)(0,0)(0,0)(0,0)
(yx,ox)(8,6)(0,0)(0,0)(0,g)(a,6)(0,0)(0,0)(0,g)(0,0)(mx,0)(0,0)(6,ix)(0,0)(0,0)(kx,0)(0,8x)(0,6)(0,0)(0,0)
(ox,ex)(8,6)(0,0)(0,0)(0,yx)(wx,6)(0,0)(6,0)(0,8x)(0,0)(kx,0)(0,0)(6,8)(0,0)(0,0)(kx,0)(0,8x)(0,0)(0,0)(0,0)
(wx,ux)(8,6)(0,0)(0,0)(0,cx)(wx,6)(0,0)(0,0)(0,8)(0,0)(ux,0)(0,0)(0,ix)(0,0)(0,0)(a,0)(0,8)(0,0)(0,0)(0,0)
(ox,cx)(8,6)(0,0)(0,0)(0,o)(wx,6)(8,0)(0,0)(0,qx)(0,0)(ex,0)(0,0)(0,6x)(0,0)(0,0)(kx,0)(0,8x)(0,6)(0,0)(0,0)
(qx,ox)(8,6)(0,0)(0,0)(0,cx)(ex,6)(0,0)(0,0)(0,ox)(0,0)(mx,0)(0,0)(6,g)(0,6)(0,0)(kx,0)(0,ax)(0,0)(0,0)(0,0)
(yx,cx)(8,6)(0,0)(0,0)(0,gx)(wx,6)(8,0)(0,0)(0,8)(0,0)(cx,0)(0,0)(6,ix)(0,0)(0,0)(kx,0)(0,8x)(0,6)(0,0)(0,0)
(k,o)(8,6)(0,0)(0,0)(0,ex)(wx,6)(0,0)(0,0)(0,gx)(0,0)(kx,0)(8,0)(0,8)(0,0)(0,0)(kx,0)(8,ax)(0,0)(0,0)(0,0)
(u,cx)(8,6)(0,0)(0,0)(0,g)(wx,6)(8,0)(0,0)(0,qx)(0,0)(k,0)(0,0)(0,8)(0,0)(0,0)(kx,0)(0,8)(0,0)(0,0)(0,0)
(ox,cx)(8,6)(0,0)(0,0)(0,mx)(wx,6)(8,0)(0,0)(0,g)(0,0)(kx,0)(0,0)(0,gx)(0,0)(0,0)(kx,0)(0,ax)(0,0)(0,0)(0,0)
(ox,wx)(8,6)(0,0)(0,0)(0,cx)(wx,6)(0,0)(0,0)(0,ex)(0,0)(ex,0)(0,0)(0,8)(0,0)(0,0)(kx,0)(8,ax)(0,6)(0,0)(0,0)
(ix,ux)(8,6)(0,0)(0,0)(0,cx)(ux,6)(0,0)(0,0)(0,gx)(0,6)(mx,0)(0,0)(0,8)(0,0)(0,0)(kx,0)(8,ax)(0,0)(0,0)(0,0)
(u,ex)(8,6)(0,0)(0,0)(0,g)(u,6)(0,0)(6,0)(0,g)(0,0)(ux,0)(0,0)(0,g)(0,0)(0,0)(cx,0)(0,ax)(0,0)(0,0)(0,0)
(ix,kx)(8,6)(0,0)(0,0)(0,o)(wx,6)(0,0)(0,0)(0,8x)(0,6)(ux,0)(0,0)(6,ax)(0,0)(0,0)(ax,0)(0,ax)(6,0)(0,0)(0,0)
(yx,cx)(8,6)(0,0)(0,0)(0,o)(ex,6)(8,0)(0,0)(0,qx)(0,0)(ux,0)(0,0)(0,6x)(0,0)(0,0)(cx,0)(0,8x)(0,6)(0,0)(0,0)
(ox,ux)(8,6)(0,0)(0,0)(0,wx)(a,6)(0,0)(0,0)(0,o)(0,0)(mx,0)(0,0)(0,8)(0,0)(0,0)(kx,0)(0,ax)(0,0)(0,0)(0,0)
(ox,ox)(8,6)(0,0)(0,0)(0,o)(a,6)(0,0)(0,0)(0,ox)(0,0)(mx,0)(0,0)(6,ix)(0,0)(0,0)(kx,0)(0,8)(0,0)(0,0)(0,0)
(wx,ux)(8,6)(0,0)(0,0)(0,cx)(ex,6)(0,0)(0,0)(0,o)(0,0)(mx,0)(0,0)(0,ax)(0,0)(0,0)(kx,0)(0,ax)(6,0)(0,0)(0,0)
(wx,ux)(8,6)(0,0)(0,0)(0,cx)(ox,6)(0,0)(0,0)(0,8)(0,0)(mx,0)(0,0)(0,gx)(0,0)(0,0)(kx,0)(0,ax)(0,6)(0,0)(0,0)
(qx,ox)(8,6)(0,0)(0,0)(0,w)(a,6)(0,0)(0,0)(0,8)(0,0)(mx,0)(0,0)(6,gx)(0,6)(0,0)(kx,0)(0,ax)(0,0)(0,0)(0,0)
(ix,cx)(8,6)(0,0)(0,0)(0,ex)(ux,6)(8,0)(0,0)(0,qx)(0,6)(ux,0)(8,0)(0,8)(0,0)(0,0)(cx,0)(0,8x)(0,0)(0,0)(0,0)
(ix,mx)(8,6)(0,0)(0,0)(0,cx)(ux,6)(0,0)(0,0)(0,g)(0,6)(ux,0)(8,0)(0,gx)(0,0)(0,0)(cx,0)(0,ax)(0,0)(0,0)(0,0)
(yx,cx)(8,6)(0,0)(0,0)(0,mx)(ex,6)(8,0)(0,0)(0,g)(0,0)(ux,0)(0,0)(0,gx)(0,0)(0,0)(cx,0)(0,ax)(0,6)(0,0)(0,0)
(yx,ex)(8,6)(0,0)(0,0)(0,ex)(ex,6)(0,0)(6,0)(0,qx)(0,0)(ux,0)(8,0)(0,8)(0,0)(0,0)(cx,0)(0,8x)(0,6)(0,0)(0,0)
(k,w)(8,6)(0,0)(0,0)(0,w)(8x,6)(0,0)(0,0)(0,ex)(0,6)(ux,0)(0,0)(0,ax)(0,0)(0,0)(cx,0)(0,ax)(6,0)(0,0)(0,0)
(k,w)(8,6)(0,0)(0,0)(0,gx)(ex,6)(0,0)(0,0)(0,ix)(0,0)(ux,0)(0,0)(6,ix)(0,0)(0,0)(cx,0)(0,8)(6,0)(0,0)(0,0)
(u,w)(8,6)(0,0)(0,0)(0,g)(a,6)(0,0)(0,0)(0,gx)(0,0)(mx,0)(0,0)(0,ix)(0,0)(0,0)(kx,0)(8,8)(0,0)(0,0)(0,0)
(u,o)(8,6)(0,0)(0,0)(0,cx)(wx,6)(0,0)(0,0)(0,o)(0,0)(cx,0)(0,0)(0,ax)(0,0)(0,0)(kx,0)(0,ax)(6,0)(0,0)(0,0)
(ix,cx)(8,6)(0,0)(0,0)(0,ox)(ux,6)(8,0)(0,0)(0,g)(0,6)(ux,0)(0,0)(0,6x)(0,0)(0,0)(cx,0)(8,ax)(0,0)(0,0)(0,0)
(yx,kx)(8,6)(0,0)(0,0)(0,g)(mx,6)(0,0)(0,0)(0,ex)(0,0)(ux,0)(0,0)(0,gx)(0,0)(0,0)(cx,0)(0,ax)(0,6)(0,0)(0,0)
(qx,ex)(8,6)(0,0)(0,0)(0,gx)(ex,6)(0,0)(6,0)(0,gx)(0,0)(ux,0)(0,0)(6,g)(0,6)(0,0)(cx,0)(8,ax)(0,0)(0,0)(0,0)
(k,ux)(8,6)(0,0)(0,0)(0,o)(8x,6)(0,0)(0,0)(0,ox)(0,6)(ux,0)(0,0)(0,ix)(0,0)(0,0)(cx,0)(0,8)(0,0)(0,0)(0,0)
(k,o)(8,6)(0,0)(0,0)(0,mx)(ox,6)(0,0)(0,0)(0,g)(0,0)(ux,0)(0,0)(0,ax)(0,0)(0,0)(cx,0)(0,ax)(6,6)(0,0)(0,0)
(ox,ex)(8,6)(0,0)(0,0)(0,mx)(ox,6)(0,0)(6,0)(0,ix)(0,0)(mx,0)(0,0)(0,8)(0,0)(0,0)(kx,0)(0,ax)(6,6)(0,0)(0,0)
(ix,ex)(8,6)(0,0)(0,0)(0,gx)(ux,6)(0,0)(6,0)(0,g)(0,6)(mx,0)(0,0)(6,ax)(0,0)(0,0)(kx,0)(0,ax)(6,0)(0,0)(0,0)
(wx,o)(8,6)(0,0)(0,0)(0,cx)(ux,6)(0,0)(0,0)(0,8x)(0,0)(ux,0)(0,0)(6,ax)(0,0)(0,0)(cx,0)(0,ax)(6,0)(0,0)(0,0)
(wx,ex)(8,6)(0,0)(0,0)(0,g)(ox,6)(0,0)(6,0)(0,8x)(0,0)(mx,0)(0,0)(6,ax)(0,0)(0,0)(kx,0)(0,ax)(6,6)(0,0)(0,0)
(ix,kx)(8,6)(0,0)(0,0)(0,mx)(wx,6)(0,0)(0,0)(0,g)(0,6)(ux,0)(0,0)(0,ix)(0,0)(0,0)(ax,0)(0,8x)(0,0)(0,0)(0,0)
(k,mx)(8,6)(0,0)(0,0)(0,qx)(8x,6)(0,0)(0,0)(0,o)(0,6)(ux,0)(8,0)(0,8)(0,0)(0,0)(cx,0)(0,ax)(6,0)(0,0)(0,0)
(ox,w)(8,6)(0,0)(0,0)(0,cx)(wx,6)(0,0)(0,0)(0,ox)(0,0)(ex,0)(0,0)(0,6x)(0,0)(0,0)(kx,0)(0,ax)(0,6)(0,0)(0,0)
(qx,o)(8,6)(0,0)(0,0)(0,w)(a,6)(0,0)(0,0)(0,gx)(0,0)(mx,0)(0,0)(0,6x)(0,6)(0,0)(kx,0)(8,ax)(0,0)(0,0)(0,0)
(k,o)(8,6)(0,0)(0,0)(0,mx)(mx,6)(0,0)(0,0)(0,gx)(0,0)(ux,0)(0,0)(0,g)(0,0)(0,0)(cx,0)(8,ax)(0,0)(0,0)(0,0)
(qx,o)(8,6)(0,0)(0,0)(0,cx)(wx,6)(0,0)(0,0)(0,ex)(0,0)(kx,0)(0,0)(0,ax)(0,6)(0,0)(kx,0)(0,ax)(6,0)(0,0)(0,0)
(ix,ex)(8,6)(0,0)(0,0)(0,yx)(wx,6)(0,0)(6,0)(0,g)(0,6)(ux,0)(0,0)(0,6x)(0,0)(0,0)(a,0)(0,8)(0,0)(0,0)(0,0)
(wx,ex)(8,6)(0,0)(0,0)(0,g)(wx,6)(0,0)(6,0)(0,ox)(0,0)(a,0)(0,0)(0,ix)(0,0)(0,0)(kx,0)(0,8)(0,0)(0,0)(0,0)
(k,wx)(8,6)(0,0)(0,0)(0,yx)(ex,6)(0,0)(0,0)(0,8x)(0,0)(mx,0)(0,0)(6,8)(0,0)(0,0)(kx,0)(8,8)(0,0)(0,0)(0,0)
(k,w)(8,6)(0,0)(0,0)(0,ex)(8x,6)(0,0)(0,0)(0,ix)(0,6)(mx,0)(8,0)(0,ix)(0,0)(0,0)(kx,0)(0,8)(6,0)(0,0)(0,0)
(ix,ox)(8,6)(0,0)(0,0)(0,cx)(wx,6)(0,0)(0,0)(0,g)(0,6)(kx,0)(0,0)(6,ix)(0,0)(0,0)(kx,0)(0,8x)(0,0)(0,0)(0,0)
(k,w)(8,6)(0,0)(0,0)(0,g)(wx,6)(0,0)(0,0)(0,ex)(0,0)(kx,0)(0,0)(0,ax)(0,0)(0,0)(kx,0)(0,ax)(6,0)(0,0)(0,0)
(qx,cx)(8,6)(0,0)(0,0)(0,g)(wx,6)(8,0)(0,0)(0,ox)(0,0)(ux,0)(0,0)(0,6x)(0,6)(0,0)(ax,0)(0,ax)(0,0)(0,0)(0,0)
(k,ox)(8,6)(0,0)(0,0)(0,o)(ex,6)(0,0)(0,0)(0,qx)(0,0)(ux,0)(0,0)(6,g)(0,0)(0,0)(cx,0)(0,8x)(0,0)(0,0)(0,0)
(k,ux)(8,6)(0,0)(0,0)(0,o)(wx,6)(0,0)(0,0)(0,8)(0,0)(ux,0)(0,0)(0,ix)(0,0)(0,0)(ax,0)(0,8x)(0,0)(0,0)(0,0)
(u,ex)(8,6)(0,0)(0,0)(0,g)(wx,6)(0,0)(6,0)(0,qx)(0,0)(ux,0)(0,0)(0,8)(0,0)(0,0)(a,0)(0,8)(0,0)(0,0)(0,0)
(wx,wx)(8,6)(0,0)(0,0)(0,gx)(a,6)(0,0)(0,0)(0,8)(0,0)(ux,0)(0,0)(6,ix)(0,0)(0,0)(cx,0)(8,8)(0,0)(0,0)(0,0)
(wx,ex)(8,6)(0,0)(0,0)(0,yx)(wx,6)(0,0)(6,0)(0,8)(0,0)(a,0)(0,0)(0,ax)(0,0)(0,0)(kx,0)(0,8)(6,0)(0,0)(0,0)
(k,ox)(8,6)(0,0)(0,0)(0,yx)(ux,6)(0,0)(0,0)(0,8)(0,0)(ux,0)(0,0)(6,8)(0,0)(0,0)(cx,0)(0,8x)(0,0)(0,0)(0,0)
(u,ex)(8,6)(0,0)(0,0)(0,g)(ox,6)(0,0)(6,0)(0,g)(0,0)(ux,0)(0,0)(0,8x)(0,0)(0,0)(cx,0)(8,ax)(0,6)(0,0)(0,0)
(u,o)(8,6)(0,0)(0,0)(0,cx)(wx,6)(0,0)(0,0)(0,qx)(0,0)(cx,0)(0,0)(0,ax)(0,0)(0,0)(kx,0)(0,8)(6,0)(0,0)(0,0)
(ix,kx)(8,6)(0,0)(0,0)(0,yx)(ox,6)(0,0)(0,0)(0,g)(0,6)(ux,0)(0,0)(0,6x)(0,0)(0,0)(cx,0)(0,8x)(0,6)(0,0)(0,0)
(u,w)(8,6)(0,0)(0,0)(0,g)(a,6)(0,0)(0,0)(0,qx)(0,0)(mx,0)(0,0)(0,gx)(0,0)(0,0)(kx,0)(0,8)(0,0)(0,0)(0,0)
(k,ox)(8,6)(0,0)(0,0)(0,g)(mx,6)(0,0)(0,0)(0,ox)(0,0)(ux,0)(0,0)(6,ix)(0,0)(0,0)(cx,0)(0,8)(0,0)(0,0)(0,0)
(ox,kx)(8,6)(0,0)(0,0)(0,wx)(gx,6)(0,0)(0,0)(0,o)(0,0)(mx,0)(0,0)(0,6x)(0,6)(0,0)(kx,0)(0,ax)(0,0)(0,0)(0,0)
(yx,ux)(8,6)(0,0)(0,0)(0,o)(a,6)(0,0)(0,0)(0,8)(0,0)(mx,0)(0,0)(0,ix)(0,0)(0,0)(kx,0)(0,8x)(0,6)(0,0)(0,0)
(ix,cx)(8,6)(0,0)(0,0)(0,yx)(wx,6)(8,0)(0,0)(0,8x)(0,6)(cx,0)(0,0)(6,gx)(0,0)(0,0)(kx,0)(0,8)(0,0)(0,0)(0,0)
(u,o)(8,6)(0,0)(0,0)(0,wx)(a,6)(0,0)(0,0)(0,g)(0,0)(mx,0)(0,0)(0,ix)(0,0)(0,0)(kx,0)(0,8)(0,0)(0,0)(0,0)
(wx,kx)(8,6)(0,0)(0,0)(0,ex)(ux,6)(0,0)(0,0)(0,8)(0,0)(mx,0)(8,0)(0,ax)(0,0)(0,0)(kx,0)(0,ax)(6,0)(0,0)(0,0)
(qx,o)(8,6)(0,0)(0,0)(0,w)(a,6)(0,0)(0,0)(0,8x)(0,0)(mx,0)(0,0)(6,gx)(0,6)(0,0)(kx,0)(0,ax)(0,0)(0,0)(0,0)
(yx,w)(8,6)(0,0)(0,0)(0,cx)(8x,6)(0,0)(0,0)(0,8x)(0,6)(ux,0)(0,0)(6,ix)(0,0)(0,0)(cx,0)(0,8x)(0,6)(0,0)(0,0)
(ox,cx)(8,6)(0,0)(0,0)(0,ex)(mx,6)(8,0)(0,0)(0,qx)(0,0)(mx,0)(8,0)(0,g)(0,0)(0,0)(kx,0)(0,8x)(0,0)(0,0)(0,0)
(qx,cx)(8,6)(0,0)(0,0)(0,mx)(wx,6)(8,0)(0,0)(0,8)(0,0)(ux,0)(0,0)(0,ix)(0,6)(0,0)(ax,0)(0,8x)(0,0)(0,0)(0,0)
(ix,kx)(8,6)(0,0)(0,0)(0,gx)(gx,6)(0,0)(0,0)(0,ox)(0,6)(ux,0)(0,0)(6,g)(0,6)(0,0)(cx,0)(0,ax)(0,0)(0,0)(0,0)
(ix,cx)(8,6)(0,0)(0,0)(0,yx)(mx,6)(8,0)(0,0)(0,ex)(0,6)(ux,0)(0,0)(0,gx)(0,0)(0,0)(cx,0)(0,8)(0,0)(0,0)(0,0)
(k,o)(8,6)(0,0)(0,0)(0,ex)(gx,6)(0,0)(0,0)(0,qx)(0,0)(mx,0)(8,0)(0,gx)(0,6)(0,0)(kx,0)(0,8)(0,0)(0,0)(0,0)
(wx,cx)(8,6)(0,0)(0,0)(0,yx)(8x,6)(8,0)(0,0)(0,ox)(0,6)(ux,0)(0,0)(0,6x)(0,0)(0,0)(cx,0)(0,8)(0,0)(0,0)(0,0)
(qx,kx)(8,6)(0,0)(0,0)(0,gx)(8x,6)(0,0)(0,0)(0,o)(0,6)(mx,0)(0,0)(6,ix)(0,6)(0,0)(kx,0)(0,8x)(0,0)(0,0)(0,0)
(k,ox)(8,6)(0,0)(0,0)(0,qx)(wx,6)(0,0)(0,0)(0,8)(0,0)(cx,0)(0,0)(6,g)(0,0)(0,0)(kx,0)(0,ax)(6,0)(0,0)(0,0)
(wx,cx)(8,6)(0,0)(0,0)(0,yx)(u,6)(8,0)(0,0)(0,8)(0,0)(ux,0)(0,0)(0,6x)(0,0)(0,0)(cx,0)(0,8)(0,0)(0,0)(0,0)
(ox,yx)(8,6)(0,0)(0,0)(0,cx)(mx,6)(0,0)(0,0)(0,8x)(0,0)(mx,0)(0,0)(6,g)(0,0)(0,0)(kx,0)(0,ax)(6,0)(0,0)(0,0)
(yx,kx)(8,6)(0,0)(0,0)(0,o)(ex,6)(0,0)(0,0)(0,ex)(0,0)(ux,0)(0,0)(0,ax)(0,0)(0,0)(cx,0)(0,ax)(6,6)(0,0)(0,0)
(qx,ox)(8,6)(0,0)(0,0)(0,cx)(ex,6)(0,0)(0,0)(0,gx)(0,0)(ux,0)(0,0)(6,ix)(0,6)(0,0)(cx,0)(8,8)(0,0)(0,0)(0,0)
(qx,cx)(8,6)(0,0)(0,0)(0,g)(ox,6)(8,0)(0,0)(0,ex)(0,0)(mx,0)(0,0)(0,ax)(0,6)(0,0)(kx,0)(0,ax)(6,6)(0,0)(0,0)
(ox,kx)(8,6)(0,0)(0,0)(0,yx)(mx,6)(0,0)(0,0)(0,ex)(0,0)(ux,0)(0,0)(0,8x)(0,0)(0,0)(cx,0)(8,8)(0,0)(0,0)(0,0)
(ix,w)(8,6)(0,0)(0,0)(0,w)(a,6)(0,0)(0,0)(0,ex)(0,6)(ux,0)(0,0)(0,gx)(0,0)(0,0)(cx,0)(0,ax)(0,0)(0,0)(0,0)
(wx,ux)(8,6)(0,0)(0,0)(0,cx)(8x,6)(0,0)(0,0)(0,o)(0,6)(ux,0)(0,0)(0,gx)(0,0)(0,0)(cx,0)(0,ax)(0,0)(0,0)(0,0)
(qx,mx)(8,6)(0,0)(0,0)(0,cx)(wx,6)(0,0)(0,0)(0,8)(0,0)(ux,0)(8,0)(0,8x)(0,6)(0,0)(ax,0)(8,ax)(0,0)(0,0)(0,0)
(qx,kx)(8,6)(0,0)(0,0)(0,gx)(8x,6)(0,0)(0,0)(0,qx)(0,6)(mx,0)(0,0)(6,ax)(0,6)(0,0)(kx,0)(0,8)(6,0)(0,0)(0,0)
(qx,cx)(8,6)(0,0)(0,0)(0,yx)(8x,6)(8,0)(0,0)(0,ex)(0,6)(ux,0)(0,0)(0,ax)(0,6)(0,0)(cx,0)(0,8)(6,0)(0,0)(0,0)
(k,o)(8,6)(0,0)(0,0)(0,ex)(u,6)(0,0)(0,0)(0,g)(0,0)(ux,0)(8,0)(0,g)(0,0)(0,0)(cx,0)(0,ax)(0,0)(0,0)(0,0)
(ix,ex)(8,6)(0,0)(0,0)(0,wx)(gx,6)(0,0)(6,0)(0,8x)(0,6)(mx,0)(0,0)(6,ix)(0,6)(0,0)(kx,0)(0,8)(0,0)(0,0)(0,0)
(u,kx)(8,6)(0,0)(0,0)(0,g)(gx,6)(0,0)(0,0)(0,ox)(0,0)(mx,0)(0,0)(0,g)(0,6)(0,0)(kx,0)(0,ax)(0,0)(0,0)(0,0)
(wx,kx)(8,6)(0,0)(0,0)(0,ex)(u,6)(0,0)(0,0)(0,8)(0,0)(mx,0)(8,0)(0,g)(0,0)(0,0)(kx,0)(0,ax)(0,0)(0,0)(0,0)
(qx,o)(8,6)(0,0)(0,0)(0,cx)(ux,6)(0,0)(0,0)(0,qx)(0,0)(ux,0)(0,0)(0,6x)(0,6)(0,0)(cx,0)(0,8x)(0,0)(0,0)(0,0)
(yx,cx)(8,6)(0,0)(0,0)(0,wx)(ex,6)(8,0)(0,0)(0,ex)(0,0)(ux,0)(0,0)(0,8)(0,0)(0,0)(cx,0)(0,ax)(0,6)(0,0)(0,0)
(u,o)(8,6)(0,0)(0,0)(0,o)(a,6)(0,0)(0,0)(0,o)(0,0)(ux,0)(0,0)(0,ix)(0,0)(0,0)(cx,0)(0,8x)(0,0)(0,0)(0,0)
(ix,kx)(8,6)(0,0)(0,0)(0,ex)(ox,6)(0,0)(0,0)(0,g)(0,6)(mx,0)(8,0)(0,ax)(0,0)(0,0)(kx,0)(0,ax)(6,6)(0,0)(0,0)
(u,ex)(8,6)(0,0)(0,0)(0,o)(ux,6)(0,0)(6,0)(0,8)(0,0)(mx,0)(0,0)(0,gx)(0,0)(0,0)(kx,0)(0,ax)(0,0)(0,0)(0,0)
(ix,mx)(8,6)(0,0)(0,0)(0,cx)(ox,6)(0,0)(0,0)(0,g)(0,6)(ux,0)(8,0)(0,ax)(0,0)(0,0)(cx,0)(0,ax)(6,6)(0,0)(0,0)
(ox,cx)(8,6)(0,0)(0,0)(0,qx)(ux,6)(8,0)(0,0)(0,ex)(0,0)(mx,0)(0,0)(0,8)(0,0)(0,0)(kx,0)(0,ax)(6,0)(0,0)(0,0)
(ix,cx)(8,6)(0,0)(0,0)(0,gx)(gx,6)(8,0)(0,0)(0,ix)(0,6)(mx,0)(0,0)(6,g)(0,6)(0,0)(kx,0)(0,ax)(6,0)(0,0)(0,0)
(ix,w)(8,6)(0,0)(0,0)(0,cx)(ux,6)(0,0)(0,0)(0,ex)(0,6)(mx,0)(0,0)(0,ax)(0,0)(0,0)(kx,0)(0,ax)(6,0)(0,0)(0,0)
(ox,cx)(8,6)(0,0)(0,0)(0,gx)(mx,6)(8,0)(0,0)(0,o)(0,0)(ux,0)(0,0)(6,gx)(0,0)(0,0)(cx,0)(0,ax)(0,0)(0,0)(0,0)
(u,cx)(8,6)(0,0)(0,0)(0,yx)(ex,6)(8,0)(0,0)(0,g)(0,0)(ux,0)(0,0)(0,gx)(0,0)(0,0)(cx,0)(0,8)(0,0)(0,0)(0,0)
(ix,cx)(8,6)(0,0)(0,0)(0,mx)(gx,6)(8,0)(0,0)(0,gx)(0,6)(mx,0)(0,0)(0,g)(0,6)(0,0)(kx,0)(8,ax)(0,0)(0,0)(0,0)
(wx,cx)(8,6)(0,0)(0,0)(0,wx)(8x,6)(8,0)(0,0)(0,8x)(0,6)(ux,0)(0,0)(6,ix)(0,0)(0,0)(cx,0)(0,8)(0,0)(0,0)(0,0)
(ox,w)(8,6)(0,0)(0,0)(0,w)(a,6)(0,0)(0,0)(0,ix)(0,0)(ux,0)(0,0)(0,6x)(0,0)(0,0)(cx,0)(0,ax)(6,0)(0,0)(0,0)
(wx,kx)(8,6)(0,0)(0,0)(0,mx)(8x,6)(0,0)(0,0)(0,ix)(0,6)(ux,0)(0,0)(0,ix)(0,0)(0,0)(cx,0)(0,8)(6,0)(0,0)(0,0)
(ox,kx)(8,6)(0,0)(0,0)(0,w)(gx,6)(0,0)(0,0)(0,ix)(0,0)(ux,0)(0,0)(0,6x)(0,6)(0,0)(cx,0)(0,ax)(6,0)(0,0)(0,0)
(yx,cx)(8,6)(0,0)(0,0)(0,ex)(8x,6)(8,0)(0,0)(0,g)(0,6)(ux,0)(8,0)(0,ix)(0,0)(0,0)(cx,0)(0,8x)(0,6)(0,0)(0,0)
(qx,cx)(8,6)(0,0)(0,0)(0,g)(ux,6)(8,0)(0,0)(0,qx)(0,0)(mx,0)(0,0)(0,6x)(0,6)(0,0)(kx,0)(0,8x)(0,0)(0,0)(0,0)
(ox,ox)(8,6)(0,0)(0,0)(0,o)(a,6)(0,0)(0,0)(0,gx)(0,0)(mx,0)(0,0)(6,ix)(0,0)(0,0)(kx,0)(8,8)(0,0)(0,0)(0,0)
(wx,kx)(8,6)(0,0)(0,0)(0,ox)(ex,6)(0,0)(0,0)(0,o)(0,0)(mx,0)(0,0)(0,6x)(0,0)(0,0)(kx,0)(8,ax)(0,0)(0,0)(0,0)
(ox,kx)(8,6)(0,0)(0,0)(0,qx)(k,6)(0,0)(0,0)(0,qx)(0,0)(mx,0)(0,0)(0,8)(0,0)(0,0)(kx,0)(0,8)(6,0)(0,0)(0,0)
(ox,cx)(8,6)(0,0)(0,0)(0,wx)(mx,6)(8,0)(0,0)(0,o)(0,0)(ux,0)(0,0)(0,6x)(0,0)(0,0)(cx,0)(0,ax)(0,0)(0,0)(0,0)
(qx,kx)(8,6)(0,0)(0,0)(0,ox)(ux,6)(0,0)(0,0)(0,8)(0,0)(ux,0)(0,0)(0,6x)(0,6)(0,0)(cx,0)(8,ax)(0,0)(0,0)(0,0)
(k,ux)(8,6)(0,0)(0,0)(0,w)(ex,6)(0,0)(0,0)(0,gx)(0,0)(ux,0)(0,0)(0,8)(0,0)(0,0)(cx,0)(8,ax)(0,0)(0,0)(0,0)
(ix,ox)(8,6)(0,0)(0,0)(0,cx)(gx,6)(0,0)(0,0)(0,ix)(0,6)(ux,0)(0,0)(6,ix)(0,6)(0,0)(cx,0)(0,8)(6,0)(0,0)(0,0)
(ix,cx)(8,6)(0,0)(0,0)(0,w)(gx,6)(8,0)(0,0)(0,ix)(0,6)(ux,0)(0,0)(0,6x)(0,6)(0,0)(cx,0)(0,ax)(6,0)(0,0)(0,0)
(ox,kx)(8,6)(0,0)(0,0)(0,ox)(ux,6)(0,0)(0,0)(0,g)(0,0)(ux,0)(0,0)(0,6x)(0,0)(0,0)(cx,0)(8,ax)(0,0)(0,0)(0,0)
(wx,o)(8,6)(0,0)(0,0)(0,cx)(wx,6)(0,0)(0,0)(0,gx)(0,0)(ex,0)(0,0)(0,6x)(0,0)(0,0)(kx,0)(8,ax)(0,6)(0,0)(0,0)
(ox,kx)(8,6)(0,0)(0,0)(0,o)(wx,6)(0,0)(0,0)(0,ex)(0,0)(k,0)(0,0)(0,ix)(0,0)(0,0)(kx,0)(0,8)(0,0)(0,0)(0,0)
(qx,kx)(8,6)(0,0)(0,0)(0,yx)(ex,6)(0,0)(0,0)(0,ex)(0,0)(mx,0)(0,0)(0,8x)(0,6)(0,0)(kx,0)(8,8)(0,0)(0,0)(0,0)
(qx,cx)(8,6)(0,0)(0,0)(0,g)(u,6)(8,0)(0,0)(0,8x)(0,0)(ux,0)(0,0)(6,ix)(0,6)(0,0)(cx,0)(0,8)(0,0)(0,0)(0,0)
(ox,mx)(8,6)(0,0)(0,0)(0,qx)(a,6)(0,0)(0,0)(0,g)(0,0)(mx,0)(8,0)(0,ix)(0,0)(0,0)(kx,0)(0,8)(6,0)(0,0)(0,0)
(k,ox)(8,6)(0,0)(0,0)(0,wx)(8x,6)(0,0)(0,0)(0,o)(0,6)(ux,0)(0,0)(6,8)(0,0)(0,0)(cx,0)(0,ax)(0,0)(0,0)(0,0)
(k,o)(8,6)(0,0)(0,0)(0,gx)(gx,6)(0,0)(0,0)(0,o)(0,0)(mx,0)(0,0)(6,ix)(0,6)(0,0)(kx,0)(0,8x)(0,0)(0,0)(0,0)
(ox,cx)(8,6)(0,0)(0,0)(0,gx)(wx,6)(8,0)(0,0)(0,ox)(0,0)(kx,0)(0,0)(6,8)(0,0)(0,0)(kx,0)(0,ax)(0,0)(0,0)(0,0)
(k,wx)(8,6)(0,0)(0,0)(0,mx)(ex,6)(0,0)(0,0)(0,g)(0,0)(ux,0)(0,0)(0,ix)(0,0)(0,0)(cx,0)(8,8)(0,0)(0,0)(0,0)
(ox,ux)(8,6)(0,0)(0,0)(0,o)(a,6)(0,0)(0,0)(0,o)(0,0)(mx,0)(0,0)(0,ax)(0,0)(0,0)(kx,0)(0,ax)(6,0)(0,0)(0,0)
(ix,ox)(8,6)(0,0)(0,0)(0,yx)(a,6)(0,0)(0,0)(0,ix)(0,6)(mx,0)(0,0)(6,8)(0,0)(0,0)(kx,0)(0,8)(6,0)(0,0)(0,0)
(u,cx)(8,6)(0,0)(0,0)(0,g)(wx,6)(8,0)(0,0)(0,g)(0,0)(ex,0)(0,0)(0,8x)(0,0)(0,0)(kx,0)(8,ax)(0,6)(0,0)(0,0)
(k,mx)(8,6)(0,0)(0,0)(0,yx)(wx,6)(0,0)(0,0)(0,8)(0,0)(kx,0)(8,0)(0,8)(0,0)(0,0)(kx,0)(0,8x)(0,0)(0,0)(0,0)
(qx,cx)(8,6)(0,0)(0,0)(0,w)(ex,6)(8,0)(0,0)(0,gx)(0,0)(ux,0)(0,0)(0,6x)(0,6)(0,0)(cx,0)(8,ax)(0,0)(0,0)(0,0)
(ix,cx)(8,6)(0,0)(0,0)(0,yx)(mx,6)(8,0)(0,0)(0,ex)(0,6)(mx,0)(0,0)(0,ax)(0,0)(0,0)(kx,0)(0,8)(6,0)(0,0)(0,0)
(qx,kx)(8,6)(0,0)(0,0)(0,w)(8x,6)(0,0)(0,0)(0,ex)(0,6)(mx,0)(0,0)(0,ix)(0,6)(0,0)(kx,0)(0,8x)(0,0)(0,0)(0,0)
(ox,ex)(8,6)(0,0)(0,0)(0,ex)(mx,6)(0,0)(6,0)(0,ox)(0,0)(mx,0)(8,0)(0,g)(0,0)(0,0)(kx,0)(0,ax)(0,0)(0,0)(0,0)
(ox,w)(8,6)(0,0)(0,0)(0,gx)(a,6)(0,0)(0,0)(0,gx)(0,0)(ux,0)(0,0)(6,ix)(0,0)(0,0)(cx,0)(8,8)(0,0)(0,0)(0,0)
(ox,ex)(8,6)(0,0)(0,0)(0,wx)(gx,6)(0,0)(6,0)(0,ex)(0,0)(ux,0)(0,0)(0,g)(0,6)(0,0)(cx,0)(0,ax)(0,0)(0,0)(0,0)
(ox,ex)(8,6)(0,0)(0,0)(0,ex)(gx,6)(0,0)(6,0)(0,qx)(0,0)(mx,0)(8,0)(0,ax)(0,6)(0,0)(kx,0)(0,8)(6,0)(0,0)(0,0)
(yx,kx)(8,6)(0,0)(0,0)(0,ex)(wx,6)(0,0)(0,0)(0,8)(0,0)(cx,0)(8,0)(0,8x)(0,0)(0,0)(kx,0)(8,ax)(0,6)(0,0)(0,0)
(ox,cx)(8,6)(0,0)(0,0)(0,o)(k,6)(8,0)(0,0)(0,o)(0,0)(mx,0)(0,0)(0,gx)(0,0)(0,0)(kx,0)(0,ax)(0,0)(0,0)(0,0)
(wx,wx)(8,6)(0,0)(0,0)(0,cx)(k,6)(0,0)(0,0)(0,8)(0,0)(ux,0)(0,0)(0,ix)(0,0)(0,0)(cx,0)(8,8)(0,0)(0,0)(0,0)
(ox,kx)(8,6)(0,0)(0,0)(0,qx)(ox,6)(0,0)(0,0)(0,ex)(0,0)(ux,0)(0,0)(0,8)(0,0)(0,0)(cx,0)(0,ax)(6,6)(0,0)(0,0)
(ox,ex)(8,6)(0,0)(0,0)(0,mx)(wx,6)(0,0)(6,0)(0,ix)(0,0)(kx,0)(0,0)(0,8)(0,0)(0,0)(kx,0)(0,ax)(6,0)(0,0)(0,0)
(k,ux)(8,6)(0,0)(0,0)(0,g)(gx,6)(0,0)(0,0)(0,gx)(0,0)(mx,0)(0,0)(0,ix)(0,6)(0,0)(kx,0)(8,8)(0,0)(0,0)(0,0)
(ox,kx)(8,6)(0,0)(0,0)(0,w)(k,6)(0,0)(0,0)(0,g)(0,0)(ux,0)(0,0)(0,ix)(0,0)(0,0)(cx,0)(0,8x)(0,0)(0,0)(0,0)
(k,ox)(8,6)(0,0)(0,0)(0,g)(wx,6)(0,0)(0,0)(0,g)(0,0)(ux,0)(0,0)(6,ax)(0,0)(0,0)(ax,0)(0,ax)(6,0)(0,0)(0,0)
(ix,cx)(8,6)(0,0)(0,0)(0,ox)(k,6)(8,0)(0,0)(0,qx)(0,6)(ux,0)(0,0)(0,8)(0,0)(0,0)(cx,0)(8,8)(0,0)(0,0)(0,0)
(qx,mx)(8,6)(0,0)(0,0)(0,w)(a,6)(0,0)(0,0)(0,8)(0,0)(mx,0)(8,0)(0,8x)(0,6)(0,0)(kx,0)(8,ax)(0,0)(0,0)(0,0)
(k,w)(8,6)(0,0)(0,0)(0,yx)(ex,6)(0,0)(0,0)(0,ex)(0,0)(mx,0)(0,0)(0,ax)(0,0)(0,0)(kx,0)(0,8)(6,0)(0,0)(0,0)
(k,o)(8,6)(0,0)(0,0)(0,o)(ox,6)(0,0)(0,0)(0,8x)(0,0)(mx,0)(0,0)(6,gx)(0,0)(0,0)(kx,0)(0,ax)(0,6)(0,0)(0,0)
(ox,yx)(8,6)(0,0)(0,0)(0,cx)(wx,6)(0,0)(0,0)(0,o)(0,0)(cx,0)(0,0)(0,6x)(0,0)(0,0)(kx,0)(0,ax)(6,0)(0,0)(0,0)
(u,ex)(8,6)(0,0)(0,0)(0,wx)(8x,6)(0,0)(6,0)(0,o)(0,6)(mx,0)(0,0)(0,8)(0,0)(0,0)(kx,0)(0,ax)(0,0)(0,0)(0,0)
(ix,w)(8,6)(0,0)(0,0)(0,mx)(a,6)(0,0)(0,0)(0,o)(0,6)(ux,0)(0,0)(0,8x)(0,0)(0,0)(cx,0)(8,ax)(0,0)(0,0)(0,0)
(u,kx)(8,6)(0,0)(0,0)(0,o)(ex,6)(0,0)(0,0)(0,qx)(0,0)(mx,0)(0,0)(0,ax)(0,0)(0,0)(kx,0)(0,8)(6,0)(0,0)(0,0)
(u,o)(8,6)(0,0)(0,0)(0,wx)(a,6)(0,0)(0,0)(0,g)(0,0)(ux,0)(0,0)(0,ix)(0,0)(0,0)(cx,0)(0,8)(0,0)(0,0)(0,0)
(wx,kx)(8,6)(0,0)(0,0)(0,g)(wx,6)(0,0)(0,0)(0,8x)(0,0)(ux,0)(0,0)(6,ix)(0,0)(0,0)(a,0)(0,8)(0,0)(0,0)(0,0)
(k,o)(8,6)(0,0)(0,0)(0,gx)(mx,6)(0,0)(0,0)(0,ox)(0,0)(ux,0)(0,0)(6,ix)(0,0)(0,0)(cx,0)(0,8)(0,0)(0,0)(0,0)
(k,w)(8,6)(0,0)(0,0)(0,mx)(8x,6)(0,0)(0,0)(0,qx)(0,6)(ux,0)(0,0)(0,gx)(0,0)(0,0)(cx,0)(0,8)(0,0)(0,0)(0,0)
(ix,w)(8,6)(0,0)(0,0)(0,qx)(a,6)(0,0)(0,0)(0,ex)(0,6)(mx,0)(0,0)(0,ix)(0,0)(0,0)(kx,0)(0,8)(6,0)(0,0)(0,0)
(ox,ex)(8,6)(0,0)(0,0)(0,ox)(k,6)(0,0)(6,0)(0,o)(0,0)(ux,0)(0,0)(0,8)(0,0)(0,0)(cx,0)(8,ax)(0,0)(0,0)(0,0)
(yx,mx)(8,6)(0,0)(0,0)(0,g)(a,6)(0,0)(0,0)(0,qx)(0,0)(ux,0)(8,0)(0,8)(0,0)(0,0)(cx,0)(0,8x)(0,6)(0,0)(0,0)
(ox,ex)(8,6)(0,0)(0,0)(0,o)(ox,6)(0,0)(6,0)(0,ex)(0,0)(mx,0)(0,0)(0,gx)(0,0)(0,0)(kx,0)(0,ax)(0,6)(0,0)(0,0)
(ix,w)(8,6)(0,0)(0,0)(0,cx)(wx,6)(0,0)(0,0)(0,ex)(0,6)(ex,0)(0,0)(0,gx)(0,0)(0,0)(kx,0)(0,ax)(0,6)(0,0)(0,0)
(qx,cx)(8,6)(0,0)(0,0)(0,gx)(ex,6)(8,0)(0,0)(0,qx)(0,0)(mx,0)(0,0)(6,8x)(0,6)(0,0)(kx,0)(8,8)(0,0)(0,0)(0,0)
(k,o)(8,6)(0,0)(0,0)(0,o)(ox,6)(0,0)(0,0)(0,8x)(0,0)(ux,0)(0,0)(6,gx)(0,0)(0,0)(cx,0)(0,ax)(0,6)(0,0)(0,0)
(u,cx)(8,6)(0,0)(0,0)(0,wx)(ex,6)(8,0)(0,0)(0,g)(0,0)(ux,0)(0,0)(0,g)(0,0)(0,0)(cx,0)(0,ax)(0,0)(0,0)(0,0)
(ix,ex)(8,6)(0,0)(0,0)(0,ex)(mx,6)(0,0)(6,0)(0,gx)(0,6)(ux,0)(8,0)(0,ix)(0,0)(0,0)(cx,0)(8,8)(0,0)(0,0)(0,0)
(qx,kx)(8,6)(0,0)(0,0)(0,qx)(8x,6)(0,0)(0,0)(0,8x)(0,6)(mx,0)(0,0)(6,g)(0,6)(0,0)(kx,0)(0,ax)(6,0)(0,0)(0,0)
(yx,cx)(8,6)(0,0)(0,0)(0,ox)(wx,6)(8,0)(0,0)(0,8)(0,0)(a,0)(0,0)(0,8)(0,0)(0,0)(kx,0)(8,ax)(0,6)(0,0)(0,0)
(yx,ex)(8,6)(0,0)(0,0)(0,o)(8x,6)(0,0)(6,0)(0,ex)(0,6)(ux,0)(0,0)(0,ix)(0,0)(0,0)(cx,0)(0,8x)(0,6)(0,0)(0,0)
(wx,ex)(8,6)(0,0)(0,0)(0,wx)(wx,6)(0,0)(6,0)(0,8)(0,0)(ex,0)(0,0)(0,6x)(0,0)(0,0)(kx,0)(0,ax)(0,6)(0,0)(0,0)
(ix,w)(8,6)(0,0)(0,0)(0,yx)(a,6)(0,0)(0,0)(0,ix)(0,6)(mx,0)(0,0)(0,6x)(0,0)(0,0)(kx,0)(0,8)(6,0)(0,0)(0,0)
(ox,kx)(8,6)(0,0)(0,0)(0,w)(gx,6)(0,0)(0,0)(0,8x)(0,0)(ux,0)(0,0)(6,ax)(0,6)(0,0)(cx,0)(0,ax)(6,0)(0,0)(0,0)
(wx,kx)(8,6)(0,0)(0,0)(0,gx)(wx,6)(0,0)(0,0)(0,8)(0,0)(ux,0)(0,0)(6,g)(0,0)(0,0)(a,0)(0,ax)(0,0)(0,0)(0,0)
(wx,ex)(8,6)(0,0)(0,0)(0,g)(wx,6)(0,0)(6,0)(0,gx)(0,0)(ux,0)(0,0)(0,6x)(0,0)(0,0)(ax,0)(8,ax)(0,0)(0,0)(0,0)
(qx,ex)(8,6)(0,0)(0,0)(0,yx)(ux,6)(0,0)(6,0)(0,8)(0,0)(mx,0)(0,0)(0,6x)(0,6)(0,0)(kx,0)(0,8x)(0,0)(0,0)(0,0)
(ix,w)(8,6)(0,0)(0,0)(0,cx)(k,6)(0,0)(0,0)(0,o)(0,6)(ux,0)(0,0)(0,8x)(0,0)(0,0)(cx,0)(8,ax)(0,0)(0,0)(0,0)
(qx,ux)(8,6)(0,0)(0,0)(0,g)(a,6)(0,0)(0,0)(0,qx)(0,0)(mx,0)(0,0)(0,gx)(0,6)(0,0)(kx,0)(0,8)(0,0)(0,0)(0,0)
(qx,o)(8,6)(0,0)(0,0)(0,yx)(a,6)(0,0)(0,0)(0,8x)(0,0)(mx,0)(0,0)(6,gx)(0,6)(0,0)(kx,0)(0,8)(0,0)(0,0)(0,0)
(qx,ex)(8,6)(0,0)(0,0)(0,mx)(ex,6)(0,0)(6,0)(0,o)(0,0)(ux,0)(0,0)(0,gx)(0,6)(0,0)(cx,0)(0,ax)(0,0)(0,0)(0,0)
(ix,kx)(8,6)(0,0)(0,0)(0,gx)(wx,6)(0,0)(0,0)(0,g)(0,6)(k,0)(0,0)(6,g)(0,0)(0,0)(kx,0)(0,ax)(0,0)(0,0)(0,0)
(ox,kx)(8,6)(0,0)(0,0)(0,ox)(gx,6)(0,0)(0,0)(0,ex)(0,0)(mx,0)(0,0)(0,g)(0,6)(0,0)(kx,0)(8,ax)(0,0)(0,0)(0,0)
(wx,ex)(8,6)(0,0)(0,0)(0,ox)(ex,6)(0,0)(6,0)(0,ex)(0,0)(mx,0)(0,0)(0,ix)(0,0)(0,0)(kx,0)(8,8)(0,0)(0,0)(0,0)
(ix,yx)(8,6)(0,0)(0,0)(0,o)(a,6)(0,0)(0,0)(0,qx)(0,6)(mx,0)(0,0)(0,6x)(0,0)(0,0)(kx,0)(0,8)(6,0)(0,0)(0,0)
(u,cx)(8,6)(0,0)(0,0)(0,wx)(gx,6)(8,0)(0,0)(0,8)(0,0)(mx,0)(0,0)(0,g)(0,6)(0,0)(kx,0)(0,ax)(0,0)(0,0)(0,0)
(ix,ex)(8,6)(0,0)(0,0)(0,o)(k,6)(0,0)(6,0)(0,qx)(0,6)(mx,0)(0,0)(0,g)(0,0)(0,0)(kx,0)(0,8x)(0,0)(0,0)(0,0)
(ix,ex)(8,6)(0,0)(0,0)(0,yx)(wx,6)(0,0)(6,0)(0,g)(0,6)(k,0)(0,0)(0,6x)(0,0)(0,0)(kx,0)(0,8)(0,0)(0,0)(0,0)
(qx,yx)(8,6)(0,0)(0,0)(0,g)(a,6)(0,0)(0,0)(0,qx)(0,0)(mx,0)(0,0)(0,6x)(0,6)(0,0)(kx,0)(0,8)(6,0)(0,0)(0,0)
(ix,ex)(8,6)(0,0)(0,0)(0,yx)(gx,6)(0,0)(6,0)(0,ex)(0,6)(ux,0)(0,0)(0,8x)(0,6)(0,0)(cx,0)(8,8)(0,0)(0,0)(0,0)