#total=1697583
(wx,8)(0,0)(0,0)(0,0)(0,g)(k,0)(0,0)(0,0)(0,gx)(0,0)(ex,0)(0,0)(0,qx)(0,0)(0,0)(qx,0)(8,sx)(0,6)(0,0)(0,0)
(ix,cx)(0,6)(6,0)(0,0)(0,qx)(gx,6)(8,0)(0,0)(0,8x)(0,6)(ux,0)(0,0)(6,kx)(0,6)(0,0)(cx,0)(0,8)(6,0)(0,0)(0,0)
(yx,mx)(0,0)(0,0)(0,0)(0,qx)(6x,0)(0,0)(0,0)(0,8)(0,0)(cx,0)(8,0)(0,qx)(0,0)(0,0)(ix,0)(0,sx)(6,6)(0,0)(0,0)
(8x,mx)(0,0)(0,0)(0,0)(0,ox)(ux,6)(8,0)(0,0)(0,8)(0,0)(cx,0)(8,0)(0,sx)(0,0)(0,0)(kx,0)(8,ix)(0,0)(0,0)(0,0)
(gx,8)(0,0)(0,0)(0,0)(0,wx)(ox,0)(8,0)(0,0)(0,ex)(0,0)(cx,0)(0,0)(0,sx)(0,0)(0,0)(yx,0)(0,ix)(0,6)(0,0)(0,0)
(k,g)(8,0)(0,0)(0,0)(0,yx)(k,0)(0,0)(0,0)(0,g)(0,6)(ex,0)(0,0)(0,o)(0,0)(0,0)(sx,0)(0,8x)(0,6)(0,0)(0,0)
(yx,8)(0,0)(0,0)(0,0)(0,8)(mx,0)(8,0)(0,0)(0,ix)(0,0)(a,0)(0,0)(0,qx)(0,0)(0,0)(yx,0)(0,kx)(6,6)(0,0)(0,0)
(ix,ox)(0,0)(6,0)(0,0)(0,w)(a,6)(0,0)(0,0)(0,w)(0,6)(k,0)(0,0)(6,8)(0,0)(0,0)(kx,0)(0,cx)(0,0)(0,0)(0,0)
(wx,o)(8,0)(0,0)(0,0)(0,8)(ux,0)(8,0)(0,0)(0,ex)(0,0)(sx,0)(0,0)(0,ix)(0,0)(0,0)(a,0)(0,kx)(0,0)(0,0)(0,0)
(ox,ax)(0,0)(0,0)(0,0)(0,w)(k,0)(8,0)(0,0)(0,g)(0,0)(sx,0)(0,0)(0,sx)(0,0)(0,0)(qx,0)(0,8x)(0,0)(0,0)(0,0)
(8x,ux)(8,0)(0,0)(0,0)(0,ox)(a,0)(0,0)(0,0)(0,g)(0,0)(kx,0)(0,0)(0,w)(0,0)(0,0)(yx,0)(8,ax)(0,0)(0,0)(0,0)
(wx,ux)(0,6)(6,0)(0,0)(0,8)(u,0)(8,0)(0,0)(0,8)(0,0)(mx,0)(0,0)(0,sx)(0,0)(0,0)(ax,0)(0,cx)(0,0)(0,0)(0,0)
(qx,8)(0,0)(6,0)(0,0)(0,ex)(ex,6)(0,0)(6,0)(0,o)(0,0)(ux,0)(8,0)(0,ux)(0,6)(0,0)(a,0)(0,cx)(0,0)(0,0)(0,0)
(gx,8)(8,0)(0,0)(0,0)(0,mx)(u,0)(0,0)(6,0)(0,g)(0,0)(kx,0)(0,0)(0,ux)(0,0)(0,0)(yx,0)(0,ax)(0,0)(0,0)(0,0)
(ix,cx)(0,6)(0,0)(0,0)(0,mx)(wx,6)(8,0)(0,0)(0,gx)(0,6)(u,0)(0,0)(0,8)(0,0)(0,0)(kx,0)(8,8)(0,0)(0,0)(0,0)
(a,o)(0,6)(0,0)(0,0)(0,w)(mx,0)(0,0)(0,0)(0,ex)(0,0)(mx,0)(0,0)(0,ax)(0,0)(0,0)(u,0)(0,o)(6,0)(0,0)(0,0)
(yx,kx)(8,6)(0,0)(0,0)(0,wx)(wx,0)(0,0)(0,0)(0,8)(0,0)(a,0)(0,0)(0,8)(0,0)(0,0)(qx,0)(0,ax)(0,6)(0,0)(0,0)
(ax,kx)(0,6)(0,0)(0,0)(0,wx)(ox,6)(0,0)(0,0)(0,g)(0,0)(mx,0)(0,0)(0,6x)(0,0)(0,0)(k,0)(0,w)(0,6)(0,0)(0,0)
(yx,w)(0,6)(6,0)(0,0)(0,g)(6x,0)(0,0)(6,0)(0,ix)(0,0)(a,0)(0,0)(0,kx)(0,0)(0,0)(cx,0)(0,mx)(6,6)(0,0)(0,0)
(ox,cx)(8,0)(0,0)(0,0)(0,o)(ux,0)(8,0)(0,0)(0,w)(0,0)(a,0)(0,0)(0,w)(0,0)(0,0)(a,0)(0,ax)(0,0)(0,0)(0,0)
(ox,g)(0,0)(6,0)(0,0)(0,qx)(ux,0)(0,0)(0,0)(0,sx)(0,0)(cx,0)(0,0)(0,6x)(0,0)(0,0)(u,0)(0,g)(6,0)(0,0)(0,0)
(ox,cx)(0,6)(6,0)(0,0)(0,gx)(mx,6)(8,0)(0,0)(0,o)(0,0)(mx,0)(0,0)(6,gx)(0,0)(0,0)(kx,0)(0,cx)(0,0)(0,0)(0,0)
(ox,g)(0,6)(0,0)(0,0)(0,o)(k,0)(0,0)(0,0)(0,ix)(0,0)(kx,0)(0,0)(0,qx)(0,0)(0,0)(cx,0)(0,sx)(6,0)(0,0)(0,0)
(a,ex)(0,0)(0,0)(0,0)(0,ox)(mx,0)(0,0)(6,0)(0,ex)(0,0)(sx,0)(0,0)(0,w)(0,0)(0,0)(ax,0)(8,w)(0,0)(0,0)(0,0)
(yx,o)(0,0)(6,0)(0,0)(0,qx)(6x,0)(0,0)(6,0)(0,sx)(0,0)(a,0)(0,0)(0,8)(0,0)(0,0)(ix,0)(0,mx)(6,6)(0,0)(0,0)
(gx,w)(0,6)(0,0)(0,0)(0,wx)(8x,0)(0,0)(6,0)(0,yx)(0,6)(ex,0)(0,0)(0,6x)(0,0)(0,0)(cx,0)(0,mx)(0,6)(0,0)(0,0)
(wx,cx)(8,0)(0,0)(0,0)(0,w)(ex,6)(8,0)(0,0)(0,8x)(0,0)(k,0)(0,0)(6,ix)(0,0)(0,0)(kx,0)(0,g)(0,0)(0,0)(0,0)
(wx,cx)(0,0)(0,0)(0,0)(0,gx)(8x,0)(8,0)(0,0)(0,o)(0,6)(sx,0)(0,0)(6,w)(0,0)(0,0)(k,0)(0,8x)(0,0)(0,0)(0,0)
(ox,g)(8,0)(0,0)(0,0)(0,ex)(mx,0)(0,0)(0,0)(0,qx)(0,0)(kx,0)(8,0)(0,gx)(0,0)(0,0)(u,0)(0,g)(0,0)(0,0)(0,0)
(u,kx)(8,0)(0,0)(0,0)(0,8)(gx,0)(0,0)(0,0)(0,o)(0,0)(sx,0)(0,0)(0,8x)(0,6)(0,0)(yx,0)(8,ax)(0,0)(0,0)(0,0)
(yx,kx)(0,0)(0,0)(0,0)(0,ex)(ex,6)(0,0)(0,0)(0,yx)(0,0)(ux,0)(8,0)(0,8)(0,0)(0,0)(ix,0)(0,8x)(0,6)(0,0)(0,0)
(ax,kx)(0,6)(6,0)(0,0)(0,w)(wx,6)(0,0)(0,0)(0,8x)(0,0)(cx,0)(0,0)(6,ax)(0,0)(0,0)(yx,0)(0,cx)(6,0)(0,0)(0,0)
(yx,ux)(0,6)(0,0)(0,0)(0,8)(ex,0)(0,0)(6,0)(0,g)(0,0)(mx,0)(0,0)(0,gx)(0,0)(0,0)(k,0)(0,mx)(0,6)(0,0)(0,0)
(a,yx)(0,0)(0,0)(0,0)(0,gx)(ex,6)(0,0)(6,0)(0,w)(0,0)(cx,0)(0,0)(6,g)(0,0)(0,0)(kx,0)(0,mx)(6,0)(0,0)(0,0)
(qx,mx)(0,0)(6,0)(0,0)(0,g)(6x,0)(0,0)(0,0)(0,w)(0,0)(kx,0)(8,0)(0,ax)(0,6)(0,0)(u,0)(0,cx)(6,0)(0,0)(0,0)
(ox,ox)(0,6)(0,0)(0,0)(0,wx)(6x,0)(8,0)(0,0)(0,g)(0,0)(mx,0)(0,0)(6,sx)(0,0)(0,0)(ax,0)(0,ix)(0,0)(0,0)(0,0)
(a,wx)(0,0)(0,0)(0,0)(0,8)(k,0)(0,0)(6,0)(0,w)(0,0)(kx,0)(0,0)(0,8)(0,0)(0,0)(yx,0)(8,mx)(0,0)(0,0)(0,0)
(k,yx)(0,6)(6,0)(0,0)(0,w)(6x,0)(0,0)(0,0)(0,8x)(0,0)(mx,0)(0,0)(6,8)(0,0)(0,0)(yx,0)(0,cx)(6,0)(0,0)(0,0)
(wx,cx)(0,6)(6,0)(0,0)(0,mx)(u,0)(8,0)(0,0)(0,8)(0,0)(mx,0)(0,0)(0,kx)(0,0)(0,0)(ax,0)(0,o)(0,0)(0,0)(0,0)
(ix,g)(8,0)(0,0)(0,0)(0,mx)(ux,0)(0,0)(0,0)(0,g)(0,6)(k,0)(0,0)(0,ix)(0,0)(0,0)(u,0)(0,g)(0,0)(0,0)(0,0)
(ox,kx)(8,6)(0,0)(0,0)(0,yx)(mx,0)(0,0)(0,0)(0,ex)(0,0)(mx,0)(0,0)(0,gx)(0,0)(0,0)(ax,0)(0,o)(0,0)(0,0)(0,0)
(8x,kx)(0,0)(0,0)(0,0)(0,gx)(u,6)(0,0)(0,0)(0,g)(0,0)(ex,0)(0,0)(6,qx)(0,0)(0,0)(kx,0)(0,w)(0,6)(0,0)(0,0)
(ix,g)(0,0)(6,0)(0,0)(0,o)(ox,0)(0,0)(0,0)(0,8x)(0,6)(sx,0)(0,0)(6,gx)(0,0)(0,0)(u,0)(0,cx)(0,6)(0,0)(0,0)
(ox,ox)(0,0)(0,0)(0,0)(0,wx)(6x,0)(0,0)(0,0)(0,g)(0,0)(sx,0)(0,0)(6,g)(0,0)(0,0)(k,0)(0,sx)(0,0)(0,0)(0,0)
(ix,yx)(8,0)(0,0)(0,0)(0,cx)(mx,0)(0,0)(0,0)(0,ex)(0,6)(sx,0)(0,0)(0,w)(0,0)(0,0)(ax,0)(0,ax)(6,0)(0,0)(0,0)
(ix,ex)(8,0)(0,0)(0,0)(0,yx)(k,0)(0,0)(6,0)(0,o)(0,6)(cx,0)(0,0)(0,ax)(0,0)(0,0)(qx,0)(0,g)(6,0)(0,0)(0,0)
(ox,g)(0,0)(6,0)(0,0)(0,gx)(gx,0)(0,0)(0,0)(0,w)(0,0)(kx,0)(0,0)(6,ax)(0,6)(0,0)(u,0)(0,cx)(6,0)(0,0)(0,0)
(qx,mx)(0,0)(0,0)(0,0)(0,cx)(6x,0)(0,0)(0,0)(0,yx)(0,0)(sx,0)(8,0)(0,gx)(0,6)(0,0)(yx,0)(0,8)(0,0)(0,0)(0,0)
(u,kx)(0,6)(6,0)(0,0)(0,g)(mx,0)(0,0)(0,0)(0,sx)(0,0)(kx,0)(0,0)(0,w)(0,0)(0,0)(cx,0)(0,8x)(0,0)(0,0)(0,0)
(ax,8)(8,0)(0,0)(0,0)(0,ox)(mx,6)(8,0)(0,0)(0,ex)(0,6)(ex,0)(0,0)(0,ix)(0,0)(0,0)(sx,0)(8,kx)(0,6)(0,0)(0,0)
(ix,g)(0,0)(6,0)(0,0)(0,gx)(gx,0)(8,0)(0,0)(0,ix)(0,6)(sx,0)(0,0)(6,kx)(0,6)(0,0)(ax,0)(0,kx)(6,0)(0,0)(0,0)
(8x,ux)(0,0)(0,0)(0,0)(0,8)(u,0)(0,0)(0,0)(0,o)(0,6)(u,0)(0,0)(0,8)(0,0)(0,0)(sx,0)(0,sx)(0,0)(0,0)(0,0)
(a,w)(0,0)(0,0)(0,0)(0,ox)(8x,6)(8,0)(0,0)(0,w)(0,6)(kx,0)(0,0)(0,6x)(0,0)(0,0)(kx,0)(8,kx)(0,0)(0,0)(0,0)
(8x,mx)(8,0)(0,0)(0,0)(0,qx)(8x,6)(8,0)(0,0)(0,g)(0,6)(ux,0)(8,0)(0,ix)(0,0)(0,0)(ax,0)(0,kx)(6,0)(0,0)(0,0)
(ax,ex)(8,0)(0,0)(0,0)(0,gx)(ux,6)(0,0)(6,0)(0,ix)(0,6)(cx,0)(0,0)(6,o)(0,0)(0,0)(sx,0)(0,ax)(6,0)(0,0)(0,0)
(ox,ox)(0,0)(6,0)(0,0)(0,o)(a,6)(0,0)(0,0)(0,ix)(0,0)(sx,0)(0,0)(6,kx)(0,0)(0,0)(kx,0)(0,8)(6,0)(0,0)(0,0)
(gx,ex)(0,6)(6,0)(0,0)(0,ox)(mx,0)(0,0)(6,0)(0,sx)(0,0)(mx,0)(0,0)(0,6x)(0,0)(0,0)(yx,0)(8,8)(0,0)(0,0)(0,0)
(ox,8)(0,0)(0,0)(0,0)(0,mx)(ux,0)(0,0)(6,0)(0,gx)(0,0)(cx,0)(0,0)(0,ux)(0,0)(0,0)(k,0)(8,o)(0,0)(0,0)(0,0)
(k,wx)(0,0)(0,0)(0,0)(0,ex)(gx,6)(0,0)(0,0)(0,8)(0,0)(u,0)(8,0)(0,o)(0,6)(0,0)(kx,0)(8,8)(0,0)(0,0)(0,0)
(ox,cx)(0,6)(0,0)(0,0)(0,mx)(gx,6)(8,0)(0,0)(0,ox)(0,0)(mx,0)(0,0)(0,qx)(0,6)(0,0)(kx,0)(0,8)(0,0)(0,0)(0,0)
(ox,mx)(8,0)(0,0)(0,0)(0,ox)(6x,0)(0,0)(0,0)(0,qx)(0,0)(cx,0)(8,0)(0,o)(0,0)(0,0)(ax,0)(8,sx)(0,0)(0,0)(0,0)
(a,w)(0,0)(0,0)(0,0)(0,mx)(6x,0)(0,0)(6,0)(0,w)(0,6)(k,0)(0,0)(0,ux)(0,0)(0,0)(sx,0)(0,8)(0,0)(0,0)(0,0)
(ox,ex)(0,0)(0,0)(0,0)(0,mx)(mx,0)(0,0)(6,0)(0,ox)(0,0)(u,0)(0,0)(0,w)(0,0)(0,0)(ax,0)(0,g)(0,0)(0,0)(0,0)
(gx,wx)(8,0)(0,0)(0,0)(0,o)(a,0)(0,0)(0,0)(0,8x)(0,0)(kx,0)(0,0)(6,o)(0,0)(0,0)(yx,0)(8,ax)(0,0)(0,0)(0,0)
(qx,ax)(0,0)(0,0)(0,0)(0,ox)(8x,6)(0,0)(6,0)(0,8x)(0,6)(kx,0)(0,0)(6,o)(0,6)(0,0)(kx,0)(8,mx)(0,0)(0,0)(0,0)
(ox,cx)(8,0)(0,0)(0,0)(0,o)(ux,6)(8,0)(0,0)(0,8x)(0,0)(ux,0)(0,0)(6,ax)(0,0)(0,0)(ix,0)(0,ax)(6,0)(0,0)(0,0)
(8x,yx)(0,0)(0,0)(0,0)(0,o)(ex,0)(0,0)(0,0)(0,8x)(0,0)(kx,0)(0,0)(6,w)(0,0)(0,0)(k,0)(0,sx)(6,0)(0,0)(0,0)
(ox,cx)(0,0)(0,0)(0,0)(0,ox)(ux,0)(8,0)(0,0)(0,ex)(0,0)(sx,0)(0,0)(0,8)(0,0)(0,0)(qx,0)(8,ix)(0,0)(0,0)(0,0)
(yx,8)(0,0)(0,0)(0,0)(0,wx)(mx,0)(0,0)(0,0)(0,8)(0,0)(a,0)(0,0)(0,w)(0,0)(0,0)(k,0)(0,sx)(0,6)(0,0)(0,0)
(wx,o)(0,0)(0,0)(0,0)(0,mx)(6x,0)(8,0)(0,0)(0,ix)(0,0)(sx,0)(0,0)(0,sx)(0,0)(0,0)(k,0)(0,8)(6,0)(0,0)(0,0)
(ix,8)(0,0)(0,0)(0,0)(0,ex)(mx,0)(8,0)(0,0)(0,ox)(0,6)(u,0)(8,0)(0,g)(0,0)(0,0)(qx,0)(0,kx)(0,0)(0,0)(0,0)
(k,o)(0,6)(0,0)(0,0)(0,ex)(ox,0)(0,0)(0,0)(0,g)(0,0)(mx,0)(8,0)(0,gx)(0,0)(0,0)(k,0)(0,o)(0,6)(0,0)(0,0)
(wx,mx)(0,6)(0,0)(0,0)(0,8)(ex,0)(0,0)(6,0)(0,gx)(0,0)(mx,0)(8,0)(0,ux)(0,0)(0,0)(ax,0)(8,ix)(0,0)(0,0)(0,0)
(ax,mx)(0,6)(0,0)(0,0)(0,g)(wx,6)(0,0)(0,0)(0,yx)(0,0)(cx,0)(8,0)(0,ax)(0,0)(0,0)(ax,0)(0,sx)(6,0)(0,0)(0,0)
(wx,kx)(8,0)(0,0)(0,0)(0,gx)(ex,6)(0,0)(0,0)(0,qx)(0,0)(ux,0)(0,0)(6,8x)(0,0)(0,0)(ix,0)(8,8)(0,0)(0,0)(0,0)
(u,w)(0,0)(0,0)(0,0)(0,cx)(ex,0)(0,0)(0,0)(0,w)(0,0)(kx,0)(0,0)(0,qx)(0,0)(0,0)(a,0)(0,o)(0,0)(0,0)(0,0)
(ox,g)(8,0)(0,0)(0,0)(0,ex)(gx,0)(8,0)(0,0)(0,qx)(0,0)(ex,0)(8,0)(0,sx)(0,6)(0,0)(ix,0)(0,8x)(0,6)(0,0)(0,0)
(yx,yx)(0,0)(6,0)(0,0)(0,cx)(ex,6)(0,0)(0,0)(0,g)(0,0)(ux,0)(0,0)(0,6x)(0,0)(0,0)(ix,0)(0,cx)(6,6)(0,0)(0,0)
(wx,ax)(0,6)(0,0)(0,0)(0,wx)(a,0)(0,0)(0,0)(0,ex)(0,0)(mx,0)(0,0)(0,w)(0,0)(0,0)(ax,0)(0,w)(0,0)(0,0)(0,0)
(8x,o)(0,0)(6,0)(0,0)(0,wx)(mx,6)(0,0)(6,0)(0,ex)(0,0)(ux,0)(0,0)(0,kx)(0,0)(0,0)(ax,0)(0,mx)(0,0)(0,0)(0,0)
(a,ex)(0,0)(0,0)(0,0)(0,mx)(ox,0)(0,0)(6,0)(0,g)(0,0)(sx,0)(0,0)(0,8x)(0,0)(0,0)(yx,0)(8,o)(0,6)(0,0)(0,0)
(qx,cx)(0,0)(0,0)(0,0)(0,8)(ox,0)(8,0)(0,0)(0,ex)(0,6)(u,0)(0,0)(0,o)(0,6)(0,0)(sx,0)(0,8x)(0,6)(0,0)(0,0)
(ox,yx)(0,0)(0,0)(0,0)(0,mx)(6x,0)(0,0)(6,0)(0,o)(0,0)(u,0)(0,0)(0,8)(0,0)(0,0)(ix,0)(0,mx)(6,0)(0,0)(0,0)
(gx,8)(0,0)(0,0)(0,0)(0,o)(ux,0)(0,0)(6,0)(0,ix)(0,6)(a,0)(0,0)(0,qx)(0,0)(0,0)(sx,0)(0,mx)(6,0)(0,0)(0,0)
(ix,mx)(0,0)(6,0)(0,0)(0,o)(a,6)(0,0)(0,0)(0,sx)(0,6)(kx,0)(8,0)(0,8x)(0,0)(0,0)(kx,0)(8,g)(0,0)(0,0)(0,0)
(u,g)(8,0)(0,0)(0,0)(0,ox)(8x,0)(0,0)(0,0)(0,g)(0,6)(ex,0)(0,0)(0,ix)(0,0)(0,0)(u,0)(8,g)(0,6)(0,0)(0,0)
(k,o)(8,0)(0,0)(0,0)(0,yx)(k,6)(0,0)(0,0)(0,g)(0,0)(ux,0)(0,0)(0,ax)(0,0)(0,0)(ax,0)(0,g)(6,0)(0,0)(0,0)
(ax,8)(0,0)(0,0)(0,0)(0,o)(ux,6)(8,0)(0,0)(0,8x)(0,6)(u,0)(0,0)(6,8x)(0,0)(0,0)(sx,0)(8,kx)(0,0)(0,0)(0,0)
(gx,ox)(0,0)(6,0)(0,0)(0,qx)(a,0)(0,0)(0,0)(0,g)(0,0)(sx,0)(0,0)(6,kx)(0,0)(0,0)(yx,0)(0,8)(6,0)(0,0)(0,0)
(ix,ax)(0,0)(0,0)(0,0)(0,gx)(mx,0)(0,0)(6,0)(0,w)(0,6)(ex,0)(0,0)(6,w)(0,0)(0,0)(a,0)(0,mx)(0,6)(0,0)(0,0)
(wx,ax)(0,6)(0,0)(0,0)(0,ox)(8x,0)(0,0)(0,0)(0,ex)(0,6)(ex,0)(0,0)(0,w)(0,0)(0,0)(cx,0)(8,sx)(0,6)(0,0)(0,0)
(wx,cx)(0,0)(0,0)(0,0)(0,mx)(6x,0)(8,0)(0,0)(0,w)(0,0)(kx,0)(0,0)(0,8x)(0,0)(0,0)(k,0)(8,w)(0,0)(0,0)(0,0)
(gx,o)(8,0)(0,0)(0,0)(0,yx)(mx,0)(0,0)(0,0)(0,ex)(0,0)(kx,0)(0,0)(0,gx)(0,0)(0,0)(ix,0)(0,sx)(0,0)(0,0)(0,0)
(gx,wx)(0,6)(0,0)(0,0)(0,w)(8x,0)(0,0)(0,0)(0,ex)(0,6)(cx,0)(0,0)(0,qx)(0,0)(0,0)(cx,0)(8,sx)(0,0)(0,0)(0,0)
(qx,o)(8,0)(0,0)(0,0)(0,cx)(k,0)(0,0)(0,0)(0,qx)(0,0)(kx,0)(0,0)(0,o)(0,6)(0,0)(a,0)(0,o)(0,0)(0,0)(0,0)
(k,o)(0,0)(0,0)(0,0)(0,wx)(k,0)(0,0)(0,0)(0,g)(0,0)(ex,0)(0,0)(0,o)(0,0)(0,0)(k,0)(0,o)(0,6)(0,0)(0,0)
(ix,8)(8,0)(0,0)(0,0)(0,mx)(ux,0)(8,0)(0,0)(0,g)(0,6)(k,0)(0,0)(0,ix)(0,0)(0,0)(qx,0)(0,kx)(0,0)(0,0)(0,0)
(ax,w)(0,0)(0,0)(0,0)(0,ox)(8x,6)(8,0)(0,0)(0,yx)(0,6)(a,0)(0,0)(0,sx)(0,0)(0,0)(ax,0)(8,g)(0,0)(0,0)(0,0)
(yx,8)(8,0)(0,0)(0,0)(0,ex)(ex,0)(0,0)(0,0)(0,qx)(0,0)(cx,0)(8,0)(0,w)(0,0)(0,0)(u,0)(0,8x)(0,6)(0,0)(0,0)
(ix,g)(0,6)(6,0)(0,0)(0,mx)(wx,0)(0,0)(0,0)(0,sx)(0,6)(k,0)(0,0)(0,8)(0,0)(0,0)(u,0)(0,8)(0,0)(0,0)(0,0)
(ox,8)(8,0)(0,0)(0,0)(0,yx)(gx,0)(8,0)(0,0)(0,ex)(0,0)(ex,0)(0,0)(0,8x)(0,6)(0,0)(qx,0)(8,kx)(0,6)(0,0)(0,0)
(qx,o)(0,0)(6,0)(0,0)(0,mx)(a,6)(0,0)(0,0)(0,ox)(0,0)(ux,0)(0,0)(0,o)(0,6)(0,0)(ax,0)(0,cx)(0,0)(0,0)(0,0)
(ax,w)(8,6)(0,0)(0,0)(0,ex)(ex,6)(0,0)(0,0)(0,gx)(0,0)(kx,0)(8,0)(0,ix)(0,0)(0,0)(cx,0)(8,sx)(0,0)(0,0)(0,0)
(u,8)(0,0)(6,0)(0,0)(0,ox)(8x,6)(0,0)(6,0)(0,g)(0,6)(ux,0)(0,0)(0,ux)(0,0)(0,0)(ax,0)(8,cx)(0,0)(0,0)(0,0)
(ox,g)(0,0)(6,0)(0,0)(0,gx)(gx,0)(0,0)(0,0)(0,ix)(0,0)(ex,0)(0,0)(6,o)(0,6)(0,0)(u,0)(0,cx)(6,6)(0,0)(0,0)
(a,w)(0,0)(0,0)(0,0)(0,8)(k,0)(8,0)(0,0)(0,o)(0,0)(sx,0)(0,0)(0,gx)(0,0)(0,0)(yx,0)(0,kx)(0,0)(0,0)(0,0)
(8x,cx)(8,0)(0,0)(0,0)(0,qx)(ux,0)(8,0)(0,0)(0,qx)(0,0)(a,0)(0,0)(0,8)(0,0)(0,0)(yx,0)(0,o)(6,0)(0,0)(0,0)
(yx,cx)(0,6)(6,0)(0,0)(0,o)(6x,0)(8,0)(0,0)(0,8x)(0,0)(mx,0)(0,0)(6,8x)(0,0)(0,0)(yx,0)(8,cx)(0,6)(0,0)(0,0)
(u,ex)(0,6)(0,0)(0,0)(0,8)(wx,0)(0,0)(6,0)(0,ix)(0,6)(u,0)(0,0)(0,8)(0,0)(0,0)(sx,0)(0,8)(6,0)(0,0)(0,0)
(gx,wx)(0,6)(0,0)(0,0)(0,cx)(gx,0)(0,0)(0,0)(0,ex)(0,0)(mx,0)(0,0)(0,qx)(0,6)(0,0)(ax,0)(8,w)(0,0)(0,0)(0,0)
(k,o)(0,6)(0,0)(0,0)(0,mx)(ux,0)(0,0)(0,0)(0,g)(0,0)(k,0)(0,0)(0,qx)(0,0)(0,0)(cx,0)(0,o)(0,0)(0,0)(0,0)
(gx,ox)(8,6)(0,0)(0,0)(0,ox)(8x,0)(0,0)(0,0)(0,qx)(0,6)(kx,0)(0,0)(6,8)(0,0)(0,0)(cx,0)(8,sx)(0,0)(0,0)(0,0)
(gx,kx)(0,0)(0,0)(0,0)(0,w)(mx,0)(0,0)(0,0)(0,8x)(0,0)(sx,0)(0,0)(6,ax)(0,0)(0,0)(k,0)(0,w)(6,0)(0,0)(0,0)
(ix,kx)(0,0)(0,0)(0,0)(0,wx)(ux,6)(0,0)(0,0)(0,g)(0,6)(ux,0)(0,0)(0,6x)(0,0)(0,0)(ix,0)(0,ix)(0,0)(0,0)(0,0)
(gx,kx)(8,6)(0,0)(0,0)(0,ex)(u,0)(0,0)(0,0)(0,qx)(0,0)(kx,0)(8,0)(0,8)(0,0)(0,0)(cx,0)(0,w)(0,0)(0,0)(0,0)
(8x,ux)(8,0)(0,0)(0,0)(0,cx)(mx,6)(0,0)(0,0)(0,ix)(0,6)(ux,0)(0,0)(0,ix)(0,0)(0,0)(sx,0)(0,8)(6,0)(0,0)(0,0)
(u,o)(8,0)(0,0)(0,0)(0,o)(6x,0)(0,0)(0,0)(0,ix)(0,0)(kx,0)(0,0)(0,ix)(0,0)(0,0)(ix,0)(0,sx)(6,0)(0,0)(0,0)
(8x,wx)(0,0)(6,0)(0,0)(0,mx)(8x,6)(0,0)(6,0)(0,sx)(0,6)(ex,0)(0,0)(0,8)(0,0)(0,0)(kx,0)(8,mx)(0,6)(0,0)(0,0)
(ax,ax)(0,0)(0,0)(0,0)(0,qx)(ux,6)(8,0)(0,0)(0,ex)(0,6)(cx,0)(0,0)(0,o)(0,0)(0,0)(sx,0)(0,kx)(6,0)(0,0)(0,0)
(gx,w)(0,6)(0,0)(0,0)(0,ox)(a,0)(0,0)(0,0)(0,8x)(0,0)(mx,0)(0,0)(6,g)(0,0)(0,0)(k,0)(8,w)(0,0)(0,0)(0,0)
(ix,w)(8,0)(0,0)(0,0)(0,cx)(k,6)(0,0)(0,0)(0,qx)(0,6)(ex,0)(0,0)(0,o)(0,0)(0,0)(kx,0)(0,8x)(0,6)(0,0)(0,0)
(wx,ex)(0,6)(0,0)(0,0)(0,gx)(ex,6)(0,0)(6,0)(0,o)(0,0)(mx,0)(0,0)(6,8x)(0,0)(0,0)(kx,0)(8,ix)(0,0)(0,0)(0,0)
(u,kx)(8,0)(0,0)(0,0)(0,yx)(8x,0)(0,0)(0,0)(0,w)(0,6)(k,0)(0,0)(0,8)(0,0)(0,0)(qx,0)(0,8)(0,0)(0,0)(0,0)
(8x,ux)(0,0)(0,0)(0,0)(0,g)(mx,0)(0,0)(0,0)(0,ix)(0,0)(u,0)(0,0)(0,w)(0,0)(0,0)(u,0)(0,8)(6,0)(0,0)(0,0)
(ox,w)(8,0)(0,0)(0,0)(0,gx)(6x,0)(0,0)(6,0)(0,w)(0,0)(ex,0)(0,0)(6,ux)(0,0)(0,0)(a,0)(0,ax)(0,6)(0,0)(0,0)
(yx,ox)(0,6)(6,0)(0,0)(0,8)(ex,0)(0,0)(0,0)(0,ix)(0,0)(cx,0)(0,0)(6,kx)(0,0)(0,0)(cx,0)(0,sx)(6,6)(0,0)(0,0)
(k,o)(0,0)(6,0)(0,0)(0,mx)(gx,0)(0,0)(0,0)(0,sx)(0,0)(sx,0)(0,0)(0,8x)(0,6)(0,0)(qx,0)(8,8)(0,0)(0,0)(0,0)
(8x,ox)(8,0)(0,0)(0,0)(0,cx)(mx,0)(0,0)(0,0)(0,ix)(0,0)(ex,0)(0,0)(6,w)(0,0)(0,0)(yx,0)(0,ax)(6,6)(0,0)(0,0)
(wx,cx)(0,0)(6,0)(0,0)(0,ex)(6x,0)(8,0)(0,0)(0,sx)(0,0)(kx,0)(8,0)(0,ax)(0,0)(0,0)(ix,0)(0,w)(6,0)(0,0)(0,0)
(8x,ax)(0,0)(0,0)(0,0)(0,wx)(ox,6)(0,0)(6,0)(0,g)(0,0)(ux,0)(0,0)(0,6x)(0,0)(0,0)(yx,0)(0,mx)(0,6)(0,0)(0,0)
(wx,8)(0,0)(0,0)(0,0)(0,wx)(ex,0)(0,0)(0,0)(0,8x)(0,0)(u,0)(0,0)(6,w)(0,0)(0,0)(u,0)(0,8)(0,0)(0,0)(0,0)
(ix,kx)(0,0)(6,0)(0,0)(0,ex)(gx,6)(0,0)(0,0)(0,o)(0,6)(ux,0)(8,0)(0,kx)(0,6)(0,0)(ix,0)(0,8x)(0,0)(0,0)(0,0)
(8x,cx)(0,0)(0,0)(0,0)(0,ex)(gx,6)(8,0)(0,0)(0,ox)(0,0)(ux,0)(8,0)(0,g)(0,6)(0,0)(yx,0)(0,ix)(0,0)(0,0)(0,0)
(k,yx)(0,0)(0,0)(0,0)(0,ex)(mx,0)(0,0)(0,0)(0,8)(0,0)(sx,0)(8,0)(0,g)(0,0)(0,0)(k,0)(0,o)(6,0)(0,0)(0,0)
(wx,ex)(0,0)(0,0)(0,0)(0,ox)(8x,0)(0,0)(6,0)(0,ex)(0,6)(ex,0)(0,0)(0,w)(0,0)(0,0)(ix,0)(8,ix)(0,6)(0,0)(0,0)
(wx,cx)(0,0)(0,0)(0,0)(0,ex)(6x,0)(8,0)(0,0)(0,o)(0,0)(sx,0)(8,0)(0,gx)(0,0)(0,0)(yx,0)(0,ix)(0,0)(0,0)(0,0)
(ax,ux)(0,6)(0,0)(0,0)(0,w)(gx,6)(8,0)(0,0)(0,8)(0,0)(u,0)(0,0)(0,8x)(0,6)(0,0)(cx,0)(8,kx)(0,0)(0,0)(0,0)
(ax,ux)(8,6)(0,0)(0,0)(0,g)(ux,6)(0,0)(6,0)(0,qx)(0,0)(cx,0)(0,0)(0,ux)(0,0)(0,0)(cx,0)(0,8x)(0,0)(0,0)(0,0)
(u,o)(0,0)(0,0)(0,0)(0,8)(gx,0)(0,0)(0,0)(0,w)(0,0)(ex,0)(0,0)(0,ax)(0,6)(0,0)(u,0)(0,ix)(6,6)(0,0)(0,0)
(ox,ox)(0,6)(6,0)(0,0)(0,o)(6x,0)(0,0)(0,0)(0,sx)(0,0)(mx,0)(0,0)(6,gx)(0,0)(0,0)(u,0)(0,8)(0,0)(0,0)(0,0)
(u,kx)(8,6)(0,0)(0,0)(0,8)(wx,0)(0,0)(0,0)(0,ix)(0,0)(cx,0)(0,0)(0,g)(0,0)(0,0)(yx,0)(0,ax)(6,0)(0,0)(0,0)
(ix,g)(8,0)(0,0)(0,0)(0,ex)(mx,0)(0,0)(6,0)(0,w)(0,6)(k,0)(8,0)(0,ux)(0,0)(0,0)(ax,0)(0,ax)(0,0)(0,0)(0,0)
(yx,ax)(0,0)(0,0)(0,0)(0,8)(mx,0)(0,0)(6,0)(0,w)(0,0)(a,0)(0,0)(0,8x)(0,0)(0,0)(yx,0)(8,mx)(0,6)(0,0)(0,0)
(ox,w)(0,6)(6,0)(0,0)(0,gx)(a,6)(0,0)(0,0)(0,o)(0,0)(ux,0)(0,0)(6,gx)(0,0)(0,0)(cx,0)(0,cx)(0,0)(0,0)(0,0)
(ax,o)(0,6)(6,0)(0,0)(0,ex)(u,6)(0,0)(6,0)(0,sx)(0,0)(ex,0)(8,0)(0,8)(0,0)(0,0)(cx,0)(0,mx)(0,6)(0,0)(0,0)
(qx,8)(0,0)(6,0)(0,0)(0,qx)(ex,6)(8,0)(0,0)(0,8x)(0,0)(kx,0)(0,0)(6,sx)(0,6)(0,0)(kx,0)(0,cx)(6,0)(0,0)(0,0)
(a,cx)(0,6)(0,0)(0,0)(0,ex)(ox,6)(8,0)(0,0)(0,ox)(0,0)(ux,0)(8,0)(0,8)(0,0)(0,0)(cx,0)(0,w)(0,6)(0,0)(0,0)
(ox,w)(8,0)(0,0)(0,0)(0,gx)(a,6)(0,0)(0,0)(0,qx)(0,0)(kx,0)(0,0)(6,gx)(0,0)(0,0)(kx,0)(0,g)(0,0)(0,0)(0,0)
(ix,kx)(0,0)(0,0)(0,0)(0,gx)(ux,6)(0,0)(0,0)(0,ix)(0,6)(u,0)(0,0)(6,8)(0,0)(0,0)(kx,0)(0,g)(6,0)(0,0)(0,0)
(wx,o)(0,6)(0,0)(0,0)(0,mx)(6x,0)(0,0)(6,0)(0,yx)(0,0)(kx,0)(0,0)(0,ux)(0,0)(0,0)(cx,0)(0,8x)(0,0)(0,0)(0,0)
(ix,w)(0,0)(6,0)(0,0)(0,w)(a,0)(0,0)(0,0)(0,gx)(0,6)(a,0)(0,0)(0,o)(0,0)(0,0)(qx,0)(8,cx)(0,0)(0,0)(0,0)
(ix,cx)(8,0)(0,0)(0,0)(0,gx)(u,0)(8,0)(0,0)(0,g)(0,6)(kx,0)(0,0)(6,o)(0,0)(0,0)(qx,0)(0,ax)(0,0)(0,0)(0,0)
(8x,mx)(0,0)(0,0)(0,0)(0,o)(u,0)(8,0)(0,0)(0,8)(0,0)(u,0)(8,0)(0,sx)(0,0)(0,0)(ax,0)(0,o)(0,0)(0,0)(0,0)
(ix,ex)(0,0)(0,0)(0,0)(0,w)(mx,0)(0,0)(6,0)(0,ex)(0,6)(u,0)(0,0)(0,8x)(0,0)(0,0)(qx,0)(8,g)(0,0)(0,0)(0,0)
(a,cx)(0,6)(0,0)(0,0)(0,gx)(wx,0)(8,0)(0,0)(0,g)(0,0)(ex,0)(0,0)(6,8x)(0,0)(0,0)(qx,0)(8,w)(0,6)(0,0)(0,0)
(8x,mx)(0,0)(0,0)(0,0)(0,o)(ex,6)(8,0)(0,0)(0,gx)(0,0)(ex,0)(8,0)(0,sx)(0,0)(0,0)(kx,0)(8,ix)(0,6)(0,0)(0,0)
(gx,ex)(8,0)(0,0)(0,0)(0,qx)(ux,0)(0,0)(6,0)(0,8x)(0,6)(cx,0)(0,0)(6,o)(0,0)(0,0)(sx,0)(0,ax)(6,0)(0,0)(0,0)
(qx,ax)(0,0)(0,0)(0,0)(0,cx)(k,6)(0,0)(0,0)(0,ix)(0,0)(ux,0)(0,0)(0,g)(0,6)(0,0)(yx,0)(0,g)(6,0)(0,0)(0,0)
(8x,mx)(0,0)(6,0)(0,0)(0,ox)(8x,6)(8,0)(0,0)(0,sx)(0,6)(ex,0)(8,0)(0,8)(0,0)(0,0)(kx,0)(8,kx)(0,6)(0,0)(0,0)
(ax,ox)(0,0)(0,0)(0,0)(0,cx)(mx,6)(0,0)(0,0)(0,o)(0,0)(u,0)(0,0)(6,o)(0,0)(0,0)(a,0)(0,w)(0,0)(0,0)(0,0)
(yx,mx)(0,6)(6,0)(0,0)(0,8)(8x,0)(0,0)(6,0)(0,sx)(0,6)(k,0)(8,0)(0,8)(0,0)(0,0)(cx,0)(0,mx)(0,6)(0,0)(0,0)
(qx,ax)(0,6)(0,0)(0,0)(0,mx)(wx,0)(8,0)(0,0)(0,8)(0,0)(kx,0)(0,0)(0,sx)(0,6)(0,0)(qx,0)(0,8x)(0,0)(0,0)(0,0)
(a,g)(0,6)(0,0)(0,0)(0,ex)(wx,0)(0,0)(6,0)(0,o)(0,0)(cx,0)(8,0)(0,ux)(0,0)(0,0)(yx,0)(0,8x)(0,0)(0,0)(0,0)
(yx,o)(0,0)(0,0)(0,0)(0,gx)(6x,0)(0,0)(0,0)(0,g)(0,0)(k,0)(0,0)(6,qx)(0,0)(0,0)(u,0)(0,g)(0,6)(0,0)(0,0)
(a,mx)(0,6)(0,0)(0,0)(0,8)(wx,0)(0,0)(6,0)(0,ox)(0,0)(kx,0)(8,0)(0,8)(0,0)(0,0)(yx,0)(0,mx)(0,0)(0,0)(0,0)
(ix,8)(8,0)(0,0)(0,0)(0,mx)(mx,0)(8,0)(0,0)(0,qx)(0,6)(ex,0)(0,0)(0,ax)(0,0)(0,0)(qx,0)(0,kx)(6,6)(0,0)(0,0)
(yx,8)(8,0)(0,0)(0,0)(0,ex)(8x,6)(0,0)(6,0)(0,g)(0,6)(ux,0)(8,0)(0,ux)(0,0)(0,0)(a,0)(0,ax)(0,6)(0,0)(0,0)
(ix,ex)(8,6)(0,0)(0,0)(0,wx)(wx,0)(0,0)(6,0)(0,8x)(0,6)(ex,0)(0,0)(6,8)(0,0)(0,0)(qx,0)(0,ax)(0,6)(0,0)(0,0)
(yx,ex)(0,0)(6,0)(0,0)(0,gx)(gx,0)(0,0)(6,0)(0,8)(0,0)(sx,0)(0,0)(6,gx)(0,6)(0,0)(qx,0)(0,cx)(0,6)(0,0)(0,0)
(ox,ox)(0,0)(6,0)(0,0)(0,cx)(ux,6)(0,0)(0,0)(0,g)(0,0)(ux,0)(0,0)(6,kx)(0,0)(0,0)(a,0)(0,g)(0,0)(0,0)(0,0)
(yx,kx)(0,0)(0,0)(0,0)(0,o)(ex,6)(0,0)(0,0)(0,w)(0,0)(k,0)(0,0)(0,6x)(0,0)(0,0)(kx,0)(0,ix)(0,6)(0,0)(0,0)
(ox,ax)(0,0)(0,0)(0,0)(0,ex)(ux,6)(8,0)(0,0)(0,g)(0,0)(sx,0)(8,0)(0,8x)(0,0)(0,0)(kx,0)(8,kx)(0,0)(0,0)(0,0)
(yx,o)(8,0)(0,0)(0,0)(0,cx)(mx,0)(0,0)(0,0)(0,ex)(0,0)(sx,0)(0,0)(0,ix)(0,0)(0,0)(a,0)(0,o)(0,6)(0,0)(0,0)
(gx,ox)(0,6)(0,0)(0,0)(0,qx)(ex,0)(8,0)(0,0)(0,yx)(0,0)(kx,0)(0,0)(6,8)(0,0)(0,0)(cx,0)(0,kx)(6,0)(0,0)(0,0)
(gx,8)(8,0)(0,0)(0,0)(0,ex)(mx,0)(0,0)(0,0)(0,ix)(0,0)(kx,0)(8,0)(0,ix)(0,0)(0,0)(u,0)(0,w)(6,0)(0,0)(0,0)
(8x,mx)(0,0)(6,0)(0,0)(0,o)(8x,0)(8,0)(0,0)(0,sx)(0,6)(k,0)(8,0)(0,w)(0,0)(0,0)(ax,0)(0,kx)(0,0)(0,0)(0,0)
(ox,yx)(0,6)(0,0)(0,0)(0,8)(gx,0)(0,0)(6,0)(0,yx)(0,0)(a,0)(0,0)(0,ux)(0,6)(0,0)(cx,0)(0,8)(6,0)(0,0)(0,0)
(ox,w)(8,0)(0,0)(0,0)(0,wx)(6x,0)(0,0)(6,0)(0,ex)(0,0)(kx,0)(0,0)(0,ix)(0,0)(0,0)(ix,0)(0,mx)(0,0)(0,0)(0,0)
(ax,o)(8,6)(0,0)(0,0)(0,ox)(ox,6)(0,0)(6,0)(0,8x)(0,0)(cx,0)(0,0)(6,ux)(0,0)(0,0)(cx,0)(8,ax)(0,6)(0,0)(0,0)
(ax,ox)(8,0)(0,0)(0,0)(0,yx)(ex,6)(0,0)(6,0)(0,w)(0,0)(cx,0)(0,0)(6,gx)(0,0)(0,0)(ax,0)(0,mx)(0,0)(0,0)(0,0)
(gx,wx)(0,0)(0,0)(0,0)(0,ex)(ux,0)(8,0)(0,0)(0,8)(0,0)(sx,0)(8,0)(0,8)(0,0)(0,0)(k,0)(8,kx)(0,0)(0,0)(0,0)
(gx,w)(0,0)(6,0)(0,0)(0,w)(8x,0)(0,0)(6,0)(0,sx)(0,6)(a,0)(0,0)(0,ux)(0,0)(0,0)(ix,0)(0,8x)(0,0)(0,0)(0,0)
(a,g)(0,0)(0,0)(0,0)(0,mx)(mx,0)(0,0)(6,0)(0,ix)(0,6)(kx,0)(0,0)(0,o)(0,0)(0,0)(sx,0)(0,mx)(6,0)(0,0)(0,0)
(8x,g)(0,0)(0,0)(0,0)(0,o)(u,0)(8,0)(0,0)(0,ex)(0,6)(ex,0)(0,0)(0,qx)(0,0)(0,0)(sx,0)(0,kx)(0,6)(0,0)(0,0)
(a,o)(0,0)(0,0)(0,0)(0,mx)(ux,6)(8,0)(0,0)(0,w)(0,0)(cx,0)(0,0)(0,8x)(0,0)(0,0)(kx,0)(8,kx)(0,0)(0,0)(0,0)
(ox,ux)(0,0)(6,0)(0,0)(0,o)(6x,0)(0,0)(6,0)(0,sx)(0,0)(sx,0)(0,0)(0,g)(0,0)(0,0)(a,0)(0,mx)(0,0)(0,0)(0,0)
(qx,g)(0,6)(0,0)(0,0)(0,qx)(ex,0)(0,0)(0,0)(0,8x)(0,0)(mx,0)(0,0)(6,qx)(0,6)(0,0)(ax,0)(0,sx)(6,0)(0,0)(0,0)
(k,g)(8,6)(0,0)(0,0)(0,yx)(mx,0)(0,0)(0,0)(0,gx)(0,6)(mx,0)(0,0)(0,6x)(0,0)(0,0)(sx,0)(8,8)(0,0)(0,0)(0,0)
(ax,8)(8,0)(0,0)(0,0)(0,yx)(ux,6)(0,0)(0,0)(0,ox)(0,0)(a,0)(0,0)(0,8)(0,0)(0,0)(u,0)(0,w)(0,0)(0,0)(0,0)
(ax,cx)(0,0)(6,0)(0,0)(0,w)(k,6)(8,0)(0,0)(0,g)(0,0)(sx,0)(0,0)(0,ax)(0,0)(0,0)(yx,0)(0,cx)(6,0)(0,0)(0,0)
(k,mx)(8,0)(0,0)(0,0)(0,yx)(mx,6)(0,0)(0,0)(0,8)(0,0)(ex,0)(8,0)(0,o)(0,0)(0,0)(kx,0)(0,8x)(0,6)(0,0)(0,0)
(gx,8)(8,0)(0,0)(0,0)(0,mx)(gx,0)(0,0)(6,0)(0,qx)(0,0)(ex,0)(0,0)(0,ux)(0,6)(0,0)(yx,0)(0,8x)(0,6)(0,0)(0,0)
(qx,ox)(0,0)(0,0)(0,0)(0,wx)(a,0)(0,0)(0,0)(0,8)(0,0)(u,0)(0,0)(6,o)(0,6)(0,0)(qx,0)(0,8)(0,0)(0,0)(0,0)
(ox,ex)(8,0)(0,0)(0,0)(0,yx)(ux,6)(0,0)(6,0)(0,ox)(0,0)(cx,0)(0,0)(0,6x)(0,0)(0,0)(kx,0)(0,g)(0,0)(0,0)(0,0)
(u,cx)(8,0)(0,0)(0,0)(0,o)(6x,0)(8,0)(0,0)(0,o)(0,0)(k,0)(0,0)(0,o)(0,0)(0,0)(yx,0)(0,ax)(0,0)(0,0)(0,0)
(ox,8)(8,0)(0,0)(0,0)(0,w)(gx,6)(8,0)(0,0)(0,ix)(0,0)(a,0)(0,0)(0,ix)(0,6)(0,0)(kx,0)(0,kx)(6,0)(0,0)(0,0)
(8x,w)(8,0)(0,0)(0,0)(0,qx)(ex,0)(0,0)(0,0)(0,o)(0,0)(a,0)(0,0)(0,ix)(0,0)(0,0)(qx,0)(0,sx)(6,0)(0,0)(0,0)
(wx,ax)(0,6)(0,0)(0,0)(0,ex)(8x,0)(8,0)(0,0)(0,o)(0,6)(mx,0)(8,0)(0,8x)(0,0)(0,0)(qx,0)(8,kx)(0,0)(0,0)(0,0)
(ox,yx)(0,0)(0,0)(0,0)(0,8)(k,0)(0,0)(6,0)(0,g)(0,0)(ex,0)(0,0)(0,qx)(0,0)(0,0)(ix,0)(0,mx)(6,6)(0,0)(0,0)
(yx,o)(0,0)(0,0)(0,0)(0,wx)(a,0)(0,0)(0,0)(0,8x)(0,0)(cx,0)(0,0)(6,qx)(0,0)(0,0)(ix,0)(0,o)(0,6)(0,0)(0,0)