#total=4995
(k,u)(0,0)(0,0)(0,c)(0,0)(ex,0)(0,o)(0,0)(0,0)(0,cx)(mx,0)(0,0)(0,gx)(0,0)(0,0)
(ox,i)(0,0)(0,0)(0,ex)(0,0)(kx,0)(0,o)(0,0)(0,0)(0,mx)(mx,0)(0,0)(0,4x)(0,0)(2,0)
(k,o)(0,0)(0,0)(0,c)(0,0)(kx,0)(0,sx)(0,0)(0,0)(0,o)(gx,0)(0,0)(0,6x)(0,0)(0,0)
(k,u)(0,0)(0,0)(0,c)(0,0)(qx,0)(0,c)(0,0)(0,0)(0,o)(a,0)(0,0)(0,gx)(0,0)(0,0)
(ix,o)(0,0)(0,0)(0,ox)(0,0)(u,0)(0,6x)(0,0)(0,0)(2,c)(mx,0)(0,0)(0,c)(0,0)(0,0)
(k,i)(0,0)(0,0)(0,ox)(0,0)(kx,0)(0,sx)(0,0)(0,0)(0,i)(4x,0)(0,0)(0,i)(0,0)(0,0)
(u,i)(0,0)(0,0)(0,o)(0,0)(a,0)(0,c)(0,0)(0,0)(0,o)(gx,0)(0,0)(0,gx)(0,0)(0,0)
(ox,ux)(0,0)(0,0)(0,o)(0,0)(a,0)(0,6)(0,0)(0,0)(0,mx)(mx,0)(0,0)(0,c)(0,0)(0,0)
(ux,o)(0,0)(0,0)(0,ex)(0,0)(qx,0)(0,6)(0,0)(0,0)(0,o)(k,0)(0,0)(0,4x)(0,0)(2,0)
(k,i)(0,0)(0,0)(0,u)(0,0)(ex,0)(0,u)(0,0)(0,0)(0,cx)(k,0)(0,0)(0,6)(0,0)(0,0)
(u,o)(0,0)(0,0)(0,ex)(0,0)(8x,0)(0,o)(0,0)(0,0)(0,mx)(ax,0)(0,0)(0,i)(0,0)(0,0)
(ux,ux)(0,0)(0,0)(0,u)(0,0)(a,0)(0,6)(0,0)(0,0)(0,mx)(4x,0)(0,0)(0,i)(0,0)(0,0)
(ix,o)(0,0)(0,0)(0,o)(0,0)(a,0)(0,u)(0,0)(0,0)(0,cx)(k,0)(0,0)(0,c)(0,0)(0,0)
(ix,kx)(0,0)(0,0)(0,u)(0,0)(ex,0)(0,u)(0,0)(0,0)(0,mx)(ax,0)(0,0)(0,4x)(0,0)(2,0)
(ox,kx)(0,0)(0,0)(0,ox)(0,0)(8x,0)(0,u)(0,0)(0,0)(0,i)(ax,0)(0,0)(0,gx)(0,0)(0,0)
(k,u)(0,0)(0,0)(0,c)(0,0)(ex,0)(0,u)(0,0)(0,0)(0,mx)(gx,0)(0,0)(0,6x)(0,0)(0,0)
(ix,o)(0,0)(0,0)(0,o)(0,0)(k,0)(0,6x)(0,0)(0,0)(2,mx)(mx,0)(0,0)(0,c)(0,0)(0,0)
(u,i)(0,0)(0,0)(0,i)(0,0)(kx,0)(0,6x)(0,0)(0,0)(2,mx)(gx,0)(0,0)(0,i)(0,0)(0,0)
(u,i)(0,0)(0,0)(0,i)(0,0)(u,0)(0,8x)(0,0)(0,0)(0,o)(gx,0)(0,0)(0,6)(0,0)(0,0)
(ox,i)(0,0)(0,0)(0,o)(0,0)(a,0)(0,u)(0,0)(0,0)(0,mx)(gx,0)(0,0)(0,6x)(0,0)(0,0)
(ux,i)(0,0)(0,0)(0,i)(0,0)(a,0)(0,sx)(0,0)(0,0)(0,i)(mx,0)(0,0)(0,4x)(0,0)(2,0)
(ix,kx)(0,0)(0,0)(0,u)(0,0)(ex,0)(0,ix)(0,0)(0,0)(0,mx)(mx,0)(0,0)(0,6)(0,0)(0,0)
(ox,i)(0,0)(0,0)(0,ox)(0,0)(kx,0)(0,8x)(0,0)(0,0)(0,i)(mx,0)(0,0)(0,gx)(0,0)(0,0)
(ox,ux)(0,0)(0,0)(0,c)(0,0)(kx,0)(0,8x)(0,0)(0,0)(0,mx)(mx,0)(0,0)(0,c)(0,0)(0,0)
(k,o)(0,0)(0,0)(0,ox)(0,0)(8x,0)(0,i)(0,0)(0,0)(0,o)(gx,0)(0,0)(0,gx)(0,0)(0,0)
(k,i)(0,0)(0,0)(0,ox)(0,0)(u,0)(0,u)(0,0)(0,0)(0,6)(ax,0)(0,0)(0,c)(0,0)(0,0)
(ox,kx)(0,0)(0,0)(0,ox)(0,0)(8x,0)(0,sx)(0,0)(0,0)(0,i)(mx,0)(0,0)(0,6)(0,0)(0,0)
(u,u)(0,0)(0,0)(0,i)(0,0)(8x,0)(0,8x)(0,0)(0,0)(0,o)(gx,0)(0,0)(0,gx)(0,0)(0,0)
(ox,i)(0,0)(0,0)(0,o)(0,0)(qx,0)(0,6x)(0,0)(0,0)(2,mx)(mx,0)(0,0)(0,6x)(0,0)(0,0)
(ix,ux)(0,0)(0,0)(0,ex)(0,0)(ex,0)(0,sx)(0,0)(0,0)(0,o)(gx,0)(0,0)(0,6)(0,0)(0,0)
(ux,kx)(0,0)(0,0)(0,i)(0,0)(k,0)(0,6)(0,0)(0,0)(0,o)(gx,0)(0,0)(0,gx)(0,0)(0,0)
(ix,o)(0,0)(0,0)(0,o)(0,0)(u,0)(0,8x)(0,0)(0,0)(0,cx)(mx,0)(0,0)(0,c)(0,0)(0,0)
(ux,i)(0,0)(0,0)(0,ox)(0,0)(ex,0)(0,4x)(0,0)(4,0)(0,mx)(gx,0)(0,0)(0,i)(0,0)(0,0)
(k,o)(0,0)(0,0)(0,c)(0,0)(k,0)(0,sx)(0,0)(0,0)(0,c)(mx,0)(0,0)(0,c)(0,0)(0,0)
(ox,ux)(0,0)(0,0)(0,u)(0,0)(8x,0)(0,4x)(0,0)(4,0)(0,c)(k,0)(0,0)(0,i)(0,0)(0,0)
(ix,u)(0,0)(0,0)(0,ex)(0,0)(u,0)(0,c)(0,0)(0,0)(0,cx)(gx,0)(0,0)(0,i)(0,0)(0,0)
(ix,u)(0,0)(0,0)(0,i)(0,0)(u,0)(0,6x)(0,0)(0,0)(2,i)(a,0)(0,0)(0,i)(0,0)(0,0)
(u,o)(0,0)(0,0)(0,c)(0,0)(qx,0)(0,4x)(0,0)(4,0)(0,mx)(mx,0)(0,0)(0,6)(0,0)(0,0)
(ux,ux)(0,0)(0,0)(0,c)(0,0)(qx,0)(0,8x)(0,0)(0,0)(0,6)(mx,0)(0,0)(0,gx)(0,0)(0,0)
(u,i)(0,0)(0,0)(0,u)(0,0)(ex,0)(0,4x)(0,0)(4,0)(0,c)(mx,0)(0,0)(0,gx)(0,0)(0,0)
(ix,kx)(0,0)(0,0)(0,i)(0,0)(qx,0)(0,u)(0,0)(0,0)(0,c)(a,0)(0,0)(0,gx)(0,0)(0,0)
(k,o)(0,0)(0,0)(0,u)(0,0)(kx,0)(0,6)(0,0)(0,0)(0,cx)(k,0)(0,0)(0,i)(0,0)(0,0)
(ox,u)(0,0)(0,0)(0,u)(0,0)(8x,0)(0,6x)(0,0)(0,0)(2,o)(a,0)(0,0)(0,gx)(0,0)(0,0)
(ix,kx)(0,0)(0,0)(0,ox)(0,0)(ex,0)(0,u)(0,0)(0,0)(0,mx)(gx,0)(0,0)(0,6)(0,0)(0,0)
(ox,i)(0,0)(0,0)(0,o)(0,0)(qx,0)(0,4x)(0,0)(4,0)(0,mx)(mx,0)(0,0)(0,6x)(0,0)(0,0)
(u,u)(0,0)(0,0)(0,i)(0,0)(a,0)(0,6)(0,0)(0,0)(0,mx)(mx,0)(0,0)(0,c)(0,0)(0,0)
(u,i)(0,0)(0,0)(0,u)(0,0)(kx,0)(0,6x)(0,0)(0,0)(2,6)(k,0)(0,0)(0,i)(0,0)(0,0)
(ux,i)(0,0)(0,0)(0,ox)(0,0)(qx,0)(0,8x)(0,0)(0,0)(0,mx)(4x,0)(0,0)(0,i)(0,0)(0,0)
(k,u)(0,0)(0,0)(0,c)(0,0)(qx,0)(0,u)(0,0)(0,0)(0,mx)(4x,0)(0,0)(0,6x)(0,0)(0,0)
(ox,ux)(0,0)(0,0)(0,c)(0,0)(a,0)(0,o)(0,0)(0,0)(0,c)(mx,0)(0,0)(0,gx)(0,0)(0,0)
(k,i)(0,0)(0,0)(0,u)(0,0)(kx,0)(0,sx)(0,0)(0,0)(0,o)(4x,0)(0,0)(0,6x)(0,0)(0,0)
(ox,kx)(0,0)(0,0)(0,ox)(0,0)(8x,0)(0,sx)(0,0)(0,0)(0,i)(ax,0)(0,0)(0,i)(0,0)(0,0)
(ix,o)(0,0)(0,0)(0,ox)(0,0)(u,0)(0,4x)(0,0)(4,0)(0,o)(gx,0)(0,0)(0,6)(0,0)(0,0)
(ox,kx)(0,0)(0,0)(0,ox)(0,0)(8x,0)(0,i)(0,0)(0,0)(0,o)(gx,0)(0,0)(0,gx)(0,0)(0,0)
(ix,o)(0,0)(0,0)(0,u)(0,0)(k,0)(0,8x)(0,0)(0,0)(0,c)(k,0)(0,0)(0,i)(0,0)(0,0)
(u,kx)(0,0)(0,0)(0,i)(0,0)(u,0)(0,6)(0,0)(0,0)(0,c)(mx,0)(0,0)(0,c)(0,0)(0,0)
(ix,u)(0,0)(0,0)(0,i)(0,0)(a,0)(0,sx)(0,0)(0,0)(0,i)(mx,0)(0,0)(0,6x)(0,0)(0,0)
(k,o)(0,0)(0,0)(0,c)(0,0)(qx,0)(0,u)(0,0)(0,0)(0,c)(k,0)(0,0)(0,6x)(0,0)(0,0)
(ux,i)(0,0)(0,0)(0,u)(0,0)(ex,0)(0,6x)(0,0)(0,0)(2,o)(k,0)(0,0)(0,4x)(0,0)(2,0)
(ix,o)(0,0)(0,0)(0,o)(0,0)(a,0)(0,o)(0,0)(0,0)(0,o)(k,0)(0,0)(0,6x)(0,0)(0,0)
(ox,i)(0,0)(0,0)(0,u)(0,0)(k,0)(0,4x)(0,0)(4,0)(0,mx)(ax,0)(0,0)(0,i)(0,0)(0,0)
(k,u)(0,0)(0,0)(0,c)(0,0)(ex,0)(0,u)(0,0)(0,0)(0,i)(k,0)(0,0)(0,6x)(0,0)(0,0)
(ux,o)(0,0)(0,0)(0,c)(0,0)(a,0)(0,o)(0,0)(0,0)(0,o)(k,0)(0,0)(0,4x)(0,0)(2,0)
(ix,kx)(0,0)(0,0)(0,i)(0,0)(k,0)(0,u)(0,0)(0,0)(0,mx)(gx,0)(0,0)(0,6)(0,0)(0,0)
(u,kx)(0,0)(0,0)(0,c)(0,0)(u,0)(0,u)(0,0)(0,0)(0,i)(4x,0)(0,0)(0,6)(0,0)(0,0)
(u,i)(0,0)(0,0)(0,ex)(0,0)(kx,0)(0,o)(0,0)(0,0)(0,mx)(4x,0)(0,0)(0,i)(0,0)(0,0)
(ux,i)(0,0)(0,0)(0,u)(0,0)(a,0)(0,u)(0,0)(0,0)(0,6)(k,0)(0,0)(0,6x)(0,0)(0,0)
(ox,u)(0,0)(0,0)(0,ex)(0,0)(8x,0)(0,o)(0,0)(0,0)(0,mx)(a,0)(0,0)(0,i)(0,0)(0,0)
(u,u)(0,0)(0,0)(0,u)(0,0)(a,0)(0,6)(0,0)(0,0)(0,mx)(4x,0)(0,0)(0,i)(0,0)(0,0)
(ux,kx)(0,0)(0,0)(0,c)(0,0)(u,0)(0,u)(0,0)(0,0)(0,i)(4x,0)(0,0)(0,4x)(0,0)(2,0)
(ox,kx)(0,0)(0,0)(0,ox)(0,0)(kx,0)(0,6)(0,0)(0,0)(0,mx)(gx,0)(0,0)(0,i)(0,0)(0,0)
(ix,o)(0,0)(0,0)(0,ex)(0,0)(qx,0)(0,sx)(0,0)(0,0)(0,c)(mx,0)(0,0)(0,6x)(0,0)(0,0)
(k,ux)(0,0)(0,0)(0,c)(0,0)(qx,0)(0,i)(0,0)(0,0)(0,6)(mx,0)(0,0)(0,gx)(0,0)(0,0)
(ux,ux)(0,0)(0,0)(0,i)(0,0)(8x,0)(0,8x)(0,0)(0,0)(0,mx)(gx,0)(0,0)(0,i)(0,0)(0,0)
(ix,ux)(0,0)(0,0)(0,u)(0,0)(u,0)(0,6x)(0,0)(0,0)(2,6)(mx,0)(0,0)(0,6)(0,0)(0,0)
(ux,kx)(0,0)(0,0)(0,i)(0,0)(qx,0)(0,6)(0,0)(0,0)(0,o)(k,0)(0,0)(0,6x)(0,0)(0,0)
(ox,u)(0,0)(0,0)(0,ex)(0,0)(8x,0)(0,o)(0,0)(0,0)(0,cx)(mx,0)(0,0)(0,gx)(0,0)(0,0)
(ox,ux)(0,0)(0,0)(0,c)(0,0)(u,0)(0,4x)(0,0)(4,0)(0,i)(mx,0)(0,0)(0,6)(0,0)(0,0)
(ux,o)(0,0)(0,0)(0,c)(0,0)(qx,0)(0,4x)(0,0)(4,0)(0,o)(k,0)(0,0)(0,6x)(0,0)(0,0)
(ox,i)(0,0)(0,0)(0,o)(0,0)(qx,0)(0,4x)(0,0)(4,0)(0,mx)(a,0)(0,0)(0,i)(0,0)(0,0)
(k,o)(0,0)(0,0)(0,o)(0,0)(qx,0)(0,6)(0,0)(0,0)(0,o)(a,0)(0,0)(0,gx)(0,0)(0,0)
(ix,o)(0,0)(0,0)(0,ox)(0,0)(kx,0)(0,8x)(0,0)(0,0)(0,mx)(mx,0)(0,0)(0,c)(0,0)(0,0)
(ix,u)(0,0)(0,0)(0,u)(0,0)(u,0)(0,4x)(0,0)(4,0)(0,6)(mx,0)(0,0)(0,6x)(0,0)(0,0)
(k,i)(0,0)(0,0)(0,ox)(0,0)(u,0)(0,o)(0,0)(0,0)(0,c)(4x,0)(0,0)(0,i)(0,0)(0,0)
(k,i)(0,0)(0,0)(0,u)(0,0)(ex,0)(0,i)(0,0)(0,0)(0,o)(k,0)(0,0)(0,4x)(0,0)(2,0)
(k,o)(0,0)(0,0)(0,o)(0,0)(8x,0)(0,o)(0,0)(0,0)(0,cx)(k,0)(0,0)(0,i)(0,0)(0,0)
(k,i)(0,0)(0,0)(0,i)(0,0)(u,0)(0,o)(0,0)(0,0)(0,cx)(ax,0)(0,0)(0,i)(0,0)(0,0)
(u,i)(0,0)(0,0)(0,o)(0,0)(u,0)(0,8x)(0,0)(0,0)(0,o)(4x,0)(0,0)(0,c)(0,0)(0,0)
(ix,u)(0,0)(0,0)(0,ox)(0,0)(ex,0)(0,8x)(0,0)(0,0)(0,o)(k,0)(0,0)(0,c)(0,0)(0,0)
(ix,o)(0,0)(0,0)(0,o)(0,0)(k,0)(0,6x)(0,0)(0,0)(2,mx)(gx,0)(0,0)(0,i)(0,0)(0,0)
(k,i)(0,0)(0,0)(0,i)(0,0)(qx,0)(0,u)(0,0)(0,0)(0,c)(k,0)(0,0)(0,6x)(0,0)(0,0)
(ox,ux)(0,0)(0,0)(0,c)(0,0)(kx,0)(0,8x)(0,0)(0,0)(0,i)(mx,0)(0,0)(0,gx)(0,0)(0,0)
(ux,kx)(0,0)(0,0)(0,u)(0,0)(k,0)(0,6)(0,0)(0,0)(0,mx)(4x,0)(0,0)(0,i)(0,0)(0,0)
(ux,kx)(0,0)(0,0)(0,ox)(0,0)(8x,0)(0,c)(0,0)(0,0)(0,o)(k,0)(0,0)(0,c)(0,0)(0,0)
(ix,ux)(0,0)(0,0)(0,u)(0,0)(a,0)(0,u)(0,0)(0,0)(0,6)(ax,0)(0,0)(0,gx)(0,0)(0,0)
(ix,o)(0,0)(0,0)(0,ox)(0,0)(a,0)(0,u)(0,0)(0,0)(0,mx)(ax,0)(0,0)(0,c)(0,0)(0,0)
(ix,kx)(0,0)(0,0)(0,i)(0,0)(kx,0)(0,sx)(0,0)(0,0)(0,o)(a,0)(0,0)(0,c)(0,0)(0,0)
(u,o)(0,0)(0,0)(0,ex)(0,0)(8x,0)(0,sx)(0,0)(0,0)(0,c)(gx,0)(0,0)(0,i)(0,0)(0,0)
(ux,kx)(0,0)(0,0)(0,i)(0,0)(8x,0)(0,o)(0,0)(0,0)(0,cx)(mx,0)(0,0)(0,gx)(0,0)(0,0)
(ix,u)(0,0)(0,0)(0,ox)(0,0)(qx,0)(0,4x)(0,0)(4,0)(0,mx)(4x,0)(0,0)(0,i)(0,0)(0,0)
(u,o)(0,0)(0,0)(0,o)(0,0)(8x,0)(0,8x)(0,0)(0,0)(0,mx)(mx,0)(0,0)(0,c)(0,0)(0,0)
(k,o)(0,0)(0,0)(0,o)(0,0)(qx,0)(0,6)(0,0)(0,0)(0,o)(k,0)(0,0)(0,4x)(0,0)(2,0)
(ox,ux)(0,0)(0,0)(0,o)(0,0)(a,0)(0,6)(0,0)(0,0)(0,i)(k,0)(0,0)(0,i)(0,0)(0,0)
(ux,o)(0,0)(0,0)(0,u)(0,0)(a,0)(0,6)(0,0)(0,0)(0,mx)(mx,0)(0,0)(0,6x)(0,0)(0,0)
(ox,i)(0,0)(0,0)(0,o)(0,0)(u,0)(0,6x)(0,0)(0,0)(2,cx)(gx,0)(0,0)(0,i)(0,0)(0,0)
(u,u)(0,0)(0,0)(0,ex)(0,0)(ex,0)(0,6)(0,0)(0,0)(0,o)(k,0)(0,0)(0,c)(0,0)(0,0)
(ux,o)(0,0)(0,0)(0,ex)(0,0)(k,0)(0,6)(0,0)(0,0)(0,o)(k,0)(0,0)(0,c)(0,0)(0,0)
(ix,kx)(0,0)(0,0)(0,o)(0,0)(ex,0)(0,ix)(0,0)(0,0)(0,o)(k,0)(0,0)(0,c)(0,0)(0,0)
(ux,i)(0,0)(0,0)(0,ex)(0,0)(qx,0)(0,sx)(0,0)(0,0)(0,6)(a,0)(0,0)(0,i)(0,0)(0,0)
(ox,u)(0,0)(0,0)(0,c)(0,0)(k,0)(0,4x)(0,0)(4,0)(0,o)(k,0)(0,0)(0,c)(0,0)(0,0)
(u,kx)(0,0)(0,0)(0,u)(0,0)(8x,0)(0,u)(0,0)(0,0)(0,mx)(4x,0)(0,0)(0,6)(0,0)(0,0)
(k,i)(0,0)(0,0)(0,u)(0,0)(k,0)(0,sx)(0,0)(0,0)(0,o)(4x,0)(0,0)(0,6)(0,0)(0,0)
(ox,i)(0,0)(0,0)(0,o)(0,0)(a,0)(0,o)(0,0)(0,0)(0,cx)(k,0)(0,0)(0,i)(0,0)(0,0)
(ux,o)(0,0)(0,0)(0,c)(0,0)(qx,0)(0,4x)(0,0)(4,0)(0,cx)(mx,0)(0,0)(0,gx)(0,0)(0,0)
(ox,i)(0,0)(0,0)(0,o)(0,0)(u,0)(0,4x)(0,0)(4,0)(0,o)(a,0)(0,0)(0,c)(0,0)(0,0)
(u,o)(0,0)(0,0)(0,ex)(0,0)(8x,0)(0,u)(0,0)(0,0)(0,mx)(gx,0)(0,0)(0,6)(0,0)(0,0)
(ox,kx)(0,0)(0,0)(0,o)(0,0)(qx,0)(0,6)(0,0)(0,0)(0,cx)(mx,0)(0,0)(0,gx)(0,0)(0,0)
(ix,u)(0,0)(0,0)(0,ex)(0,0)(u,0)(0,c)(0,0)(0,0)(0,cx)(mx,0)(0,0)(0,c)(0,0)(0,0)
(ox,ux)(0,0)(0,0)(0,o)(0,0)(a,0)(0,6)(0,0)(0,0)(0,o)(gx,0)(0,0)(0,gx)(0,0)(0,0)
(k,u)(0,0)(0,0)(0,c)(0,0)(ex,0)(0,o)(0,0)(0,0)(0,mx)(mx,0)(0,0)(0,4x)(0,0)(2,0)
(ix,u)(0,0)(0,0)(0,u)(0,0)(a,0)(0,c)(0,0)(0,0)(0,mx)(mx,0)(0,0)(0,6x)(0,0)(0,0)
(ux,kx)(0,0)(0,0)(0,c)(0,0)(k,0)(0,sx)(0,0)(0,0)(0,o)(4x,0)(0,0)(0,c)(0,0)(0,0)
(ix,ux)(0,0)(0,0)(0,ex)(0,0)(qx,0)(0,u)(0,0)(0,0)(0,6)(ax,0)(0,0)(0,gx)(0,0)(0,0)
(k,i)(0,0)(0,0)(0,i)(0,0)(qx,0)(0,ix)(0,0)(0,0)(0,mx)(mx,0)(0,0)(0,6)(0,0)(0,0)
(ux,kx)(0,0)(0,0)(0,c)(0,0)(k,0)(0,c)(0,0)(0,0)(0,i)(k,0)(0,0)(0,i)(0,0)(0,0)
(ix,u)(0,0)(0,0)(0,ex)(0,0)(qx,0)(0,ix)(0,0)(0,0)(0,6)(mx,0)(0,0)(0,gx)(0,0)(0,0)
(u,i)(0,0)(0,0)(0,ex)(0,0)(qx,0)(0,u)(0,0)(0,0)(0,6)(ax,0)(0,0)(0,gx)(0,0)(0,0)
(u,kx)(0,0)(0,0)(0,c)(0,0)(u,0)(0,c)(0,0)(0,0)(0,c)(mx,0)(0,0)(0,c)(0,0)(0,0)
(ox,u)(0,0)(0,0)(0,ex)(0,0)(k,0)(0,6)(0,0)(0,0)(0,mx)(gx,0)(0,0)(0,i)(0,0)(0,0)
(ox,ux)(0,0)(0,0)(0,u)(0,0)(8x,0)(0,6x)(0,0)(0,0)(2,o)(k,0)(0,0)(0,6)(0,0)(0,0)
(ix,kx)(0,0)(0,0)(0,i)(0,0)(kx,0)(0,ix)(0,0)(0,0)(0,i)(mx,0)(0,0)(0,gx)(0,0)(0,0)
(k,u)(0,0)(0,0)(0,c)(0,0)(qx,0)(0,c)(0,0)(0,0)(0,mx)(a,0)(0,0)(0,i)(0,0)(0,0)
(k,i)(0,0)(0,0)(0,o)(0,0)(qx,0)(0,u)(0,0)(0,0)(0,6)(a,0)(0,0)(0,gx)(0,0)(0,0)
(ux,ux)(0,0)(0,0)(0,i)(0,0)(8x,0)(0,6x)(0,0)(0,0)(2,i)(mx,0)(0,0)(0,gx)(0,0)(0,0)
(ux,i)(0,0)(0,0)(0,u)(0,0)(u,0)(0,6x)(0,0)(0,0)(2,cx)(4x,0)(0,0)(0,i)(0,0)(0,0)
(ox,i)(0,0)(0,0)(0,o)(0,0)(u,0)(0,8x)(0,0)(0,0)(0,o)(gx,0)(0,0)(0,6x)(0,0)(0,0)
(k,ux)(0,0)(0,0)(0,o)(0,0)(8x,0)(0,c)(0,0)(0,0)(0,i)(mx,0)(0,0)(0,gx)(0,0)(0,0)
(ix,o)(0,0)(0,0)(0,o)(0,0)(qx,0)(0,6x)(0,0)(0,0)(2,cx)(mx,0)(0,0)(0,gx)(0,0)(0,0)
(k,o)(0,0)(0,0)(0,ox)(0,0)(8x,0)(0,sx)(0,0)(0,0)(0,c)(gx,0)(0,0)(0,i)(0,0)(0,0)
(ix,u)(0,0)(0,0)(0,u)(0,0)(ex,0)(0,4x)(0,0)(4,0)(0,o)(k,0)(0,0)(0,6x)(0,0)(0,0)
(k,u)(0,0)(0,0)(0,i)(0,0)(8x,0)(0,o)(0,0)(0,0)(0,o)(k,0)(0,0)(0,4x)(0,0)(2,0)
(k,i)(0,0)(0,0)(0,u)(0,0)(ex,0)(0,i)(0,0)(0,0)(0,mx)(mx,0)(0,0)(0,4x)(0,0)(2,0)
(ux,kx)(0,0)(0,0)(0,i)(0,0)(8x,0)(0,sx)(0,0)(0,0)(0,o)(gx,0)(0,0)(0,6x)(0,0)(0,0)
(ix,kx)(0,0)(0,0)(0,o)(0,0)(qx,0)(0,sx)(0,0)(0,0)(0,cx)(4x,0)(0,0)(0,i)(0,0)(0,0)
(ox,u)(0,0)(0,0)(0,c)(0,0)(a,0)(0,ix)(0,0)(0,0)(0,i)(mx,0)(0,0)(0,gx)(0,0)(0,0)
(ix,u)(0,0)(0,0)(0,ex)(0,0)(k,0)(0,sx)(0,0)(0,0)(0,6)(gx,0)(0,0)(0,i)(0,0)(0,0)
(ix,o)(0,0)(0,0)(0,ox)(0,0)(qx,0)(0,6x)(0,0)(0,0)(2,c)(mx,0)(0,0)(0,gx)(0,0)(0,0)
(k,u)(0,0)(0,0)(0,c)(0,0)(k,0)(0,o)(0,0)(0,0)(0,o)(4x,0)(0,0)(0,gx)(0,0)(0,0)
(ix,kx)(0,0)(0,0)(0,i)(0,0)(k,0)(0,i)(0,0)(0,0)(0,i)(k,0)(0,0)(0,i)(0,0)(0,0)
(u,kx)(0,0)(0,0)(0,u)(0,0)(ex,0)(0,6)(0,0)(0,0)(0,c)(mx,0)(0,0)(0,gx)(0,0)(0,0)
(u,o)(0,0)(0,0)(0,ex)(0,0)(u,0)(0,6)(0,0)(0,0)(0,i)(ax,0)(0,0)(0,i)(0,0)(0,0)
(ux,ux)(0,0)(0,0)(0,c)(0,0)(a,0)(0,u)(0,0)(0,0)(0,mx)(4x,0)(0,0)(0,c)(0,0)(0,0)
(ix,kx)(0,0)(0,0)(0,i)(0,0)(qx,0)(0,i)(0,0)(0,0)(0,cx)(mx,0)(0,0)(0,gx)(0,0)(0,0)
(ux,i)(0,0)(0,0)(0,i)(0,0)(a,0)(0,sx)(0,0)(0,0)(0,cx)(mx,0)(0,0)(0,c)(0,0)(0,0)
(ox,i)(0,0)(0,0)(0,ex)(0,0)(k,0)(0,u)(0,0)(0,0)(0,c)(k,0)(0,0)(0,c)(0,0)(0,0)
(u,kx)(0,0)(0,0)(0,u)(0,0)(ex,0)(0,6)(0,0)(0,0)(0,mx)(mx,0)(0,0)(0,6)(0,0)(0,0)
(ix,u)(0,0)(0,0)(0,ox)(0,0)(qx,0)(0,8x)(0,0)(0,0)(0,6)(k,0)(0,0)(0,i)(0,0)(0,0)
(k,ux)(0,0)(0,0)(0,u)(0,0)(8x,0)(0,u)(0,0)(0,0)(0,c)(4x,0)(0,0)(0,gx)(0,0)(0,0)
(u,u)(0,0)(0,0)(0,ex)(0,0)(qx,0)(0,6)(0,0)(0,0)(0,6)(mx,0)(0,0)(0,gx)(0,0)(0,0)
(u,i)(0,0)(0,0)(0,i)(0,0)(u,0)(0,8x)(0,0)(0,0)(0,c)(mx,0)(0,0)(0,c)(0,0)(0,0)
(ix,o)(0,0)(0,0)(0,u)(0,0)(u,0)(0,4x)(0,0)(4,0)(0,c)(a,0)(0,0)(0,i)(0,0)(0,0)
(ix,o)(0,0)(0,0)(0,ex)(0,0)(qx,0)(0,sx)(0,0)(0,0)(0,o)(a,0)(0,0)(0,6)(0,0)(0,0)
(ix,u)(0,0)(0,0)(0,ox)(0,0)(ex,0)(0,8x)(0,0)(0,0)(0,mx)(gx,0)(0,0)(0,i)(0,0)(0,0)
(ox,u)(0,0)(0,0)(0,c)(0,0)(a,0)(0,o)(0,0)(0,0)(0,mx)(mx,0)(0,0)(0,6x)(0,0)(0,0)
(ux,o)(0,0)(0,0)(0,ox)(0,0)(8x,0)(0,6x)(0,0)(0,0)(2,i)(k,0)(0,0)(0,i)(0,0)(0,0)
(ix,u)(0,0)(0,0)(0,ox)(0,0)(qx,0)(0,4x)(0,0)(4,0)(0,6)(mx,0)(0,0)(0,gx)(0,0)(0,0)
(ux,o)(0,0)(0,0)(0,ex)(0,0)(u,0)(0,6)(0,0)(0,0)(0,o)(gx,0)(0,0)(0,6x)(0,0)(0,0)
(ux,o)(0,0)(0,0)(0,ex)(0,0)(8x,0)(0,u)(0,0)(0,0)(0,i)(a,0)(0,0)(0,gx)(0,0)(0,0)
(ox,i)(0,0)(0,0)(0,u)(0,0)(kx,0)(0,8x)(0,0)(0,0)(0,mx)(a,0)(0,0)(0,i)(0,0)(0,0)
(k,ux)(0,0)(0,0)(0,c)(0,0)(kx,0)(0,sx)(0,0)(0,0)(0,6)(mx,0)(0,0)(0,c)(0,0)(0,0)
(ox,u)(0,0)(0,0)(0,ex)(0,0)(8x,0)(0,sx)(0,0)(0,0)(0,cx)(gx,0)(0,0)(0,i)(0,0)(0,0)
(ix,o)(0,0)(0,0)(0,u)(0,0)(a,0)(0,u)(0,0)(0,0)(0,mx)(ax,0)(0,0)(0,6x)(0,0)(0,0)
(u,kx)(0,0)(0,0)(0,c)(0,0)(kx,0)(0,c)(0,0)(0,0)(0,o)(k,0)(0,0)(0,c)(0,0)(0,0)
(ox,i)(0,0)(0,0)(0,ex)(0,0)(u,0)(0,ix)(0,0)(0,0)(0,i)(ax,0)(0,0)(0,i)(0,0)(0,0)
(u,kx)(0,0)(0,0)(0,c)(0,0)(kx,0)(0,o)(0,0)(0,0)(0,mx)(4x,0)(0,0)(0,i)(0,0)(0,0)
(ox,i)(0,0)(0,0)(0,o)(0,0)(qx,0)(0,4x)(0,0)(4,0)(0,o)(a,0)(0,0)(0,gx)(0,0)(0,0)
(k,u)(0,0)(0,0)(0,i)(0,0)(8x,0)(0,sx)(0,0)(0,0)(0,o)(gx,0)(0,0)(0,6x)(0,0)(0,0)
(u,o)(0,0)(0,0)(0,c)(0,0)(qx,0)(0,4x)(0,0)(4,0)(0,mx)(ax,0)(0,0)(0,i)(0,0)(0,0)
(ux,o)(0,0)(0,0)(0,c)(0,0)(u,0)(0,8x)(0,0)(0,0)(0,i)(a,0)(0,0)(0,i)(0,0)(0,0)
(ox,kx)(0,0)(0,0)(0,u)(0,0)(8x,0)(0,i)(0,0)(0,0)(0,o)(k,0)(0,0)(0,6x)(0,0)(0,0)
(u,u)(0,0)(0,0)(0,c)(0,0)(ex,0)(0,6x)(0,0)(0,0)(2,i)(k,0)(0,0)(0,i)(0,0)(0,0)
(u,u)(0,0)(0,0)(0,u)(0,0)(8x,0)(0,4x)(0,0)(4,0)(0,6)(mx,0)(0,0)(0,gx)(0,0)(0,0)
(ox,i)(0,0)(0,0)(0,ox)(0,0)(a,0)(0,o)(0,0)(0,0)(0,c)(mx,0)(0,0)(0,gx)(0,0)(0,0)
(ix,ux)(0,0)(0,0)(0,o)(0,0)(ex,0)(0,6x)(0,0)(0,0)(2,i)(mx,0)(0,0)(0,gx)(0,0)(0,0)
(ix,o)(0,0)(0,0)(0,ex)(0,0)(qx,0)(0,u)(0,0)(0,0)(0,cx)(ax,0)(0,0)(0,gx)(0,0)(0,0)
(ix,kx)(0,0)(0,0)(0,o)(0,0)(k,0)(0,sx)(0,0)(0,0)(0,6)(gx,0)(0,0)(0,i)(0,0)(0,0)
(ix,kx)(0,0)(0,0)(0,u)(0,0)(u,0)(0,i)(0,0)(0,0)(0,o)(4x,0)(0,0)(0,6x)(0,0)(0,0)
(ix,o)(0,0)(0,0)(0,o)(0,0)(a,0)(0,u)(0,0)(0,0)(0,i)(a,0)(0,0)(0,gx)(0,0)(0,0)
(ux,o)(0,0)(0,0)(0,c)(0,0)(k,0)(0,8x)(0,0)(0,0)(0,o)(gx,0)(0,0)(0,gx)(0,0)(0,0)
(ix,o)(0,0)(0,0)(0,ex)(0,0)(k,0)(0,sx)(0,0)(0,0)(0,i)(mx,0)(0,0)(0,6)(0,0)(0,0)
(ox,i)(0,0)(0,0)(0,o)(0,0)(a,0)(0,o)(0,0)(0,0)(0,o)(k,0)(0,0)(0,4x)(0,0)(2,0)
(u,kx)(0,0)(0,0)(0,c)(0,0)(qx,0)(0,u)(0,0)(0,0)(0,6)(k,0)(0,0)(0,6)(0,0)(0,0)
(ix,u)(0,0)(0,0)(0,ex)(0,0)(ex,0)(0,u)(0,0)(0,0)(0,i)(k,0)(0,0)(0,4x)(0,0)(2,0)
(ox,u)(0,0)(0,0)(0,c)(0,0)(k,0)(0,6x)(0,0)(0,0)(2,mx)(gx,0)(0,0)(0,i)(0,0)(0,0)
(k,o)(0,0)(0,0)(0,c)(0,0)(k,0)(0,sx)(0,0)(0,0)(0,o)(gx,0)(0,0)(0,6)(0,0)(0,0)
(ix,kx)(0,0)(0,0)(0,ox)(0,0)(ex,0)(0,o)(0,0)(0,0)(0,c)(mx,0)(0,0)(0,gx)(0,0)(0,0)
(ux,o)(0,0)(0,0)(0,ox)(0,0)(a,0)(0,6)(0,0)(0,0)(0,i)(k,0)(0,0)(0,i)(0,0)(0,0)
(ix,kx)(0,0)(0,0)(0,i)(0,0)(u,0)(0,o)(0,0)(0,0)(0,c)(a,0)(0,0)(0,i)(0,0)(0,0)
(ix,ux)(0,0)(0,0)(0,u)(0,0)(a,0)(0,i)(0,0)(0,0)(0,6)(k,0)(0,0)(0,i)(0,0)(0,0)
(ix,kx)(0,0)(0,0)(0,i)(0,0)(u,0)(0,i)(0,0)(0,0)(0,i)(a,0)(0,0)(0,i)(0,0)(0,0)