#total=8201
(cx,u)(0,0)(0,0)(0,ox)(0,0)(ex,0)(0,8x)(0,0)(0,0)(0,i)(sx,0)(0,0)(0,gx)(0,0)(0,0)
(cx,kx)(0,0)(0,0)(0,o)(0,0)(ex,0)(0,sx)(0,0)(0,0)(0,cx)(gx,0)(0,0)(0,o)(0,0)(0,0)
(ox,6)(0,0)(0,0)(0,ex)(0,0)(k,0)(0,u)(0,0)(0,0)(0,u)(k,0)(0,0)(0,6)(0,0)(0,0)
(cx,i)(0,0)(0,0)(0,o)(0,0)(u,0)(0,ix)(0,0)(0,0)(0,6)(u,0)(0,0)(0,c)(0,0)(0,0)
(ix,ax)(0,0)(0,0)(0,i)(0,0)(kx,0)(0,u)(0,0)(0,0)(0,cx)(gx,0)(0,0)(0,qx)(0,0)(0,0)
(ix,ax)(0,0)(0,0)(0,ox)(0,0)(ex,0)(0,o)(0,0)(0,0)(0,c)(u,0)(0,0)(0,i)(0,0)(0,0)
(k,ax)(0,0)(0,0)(0,u)(0,0)(k,0)(0,6)(0,0)(0,0)(0,c)(mx,0)(0,0)(0,u)(0,0)(0,0)
(cx,kx)(0,0)(0,0)(0,i)(0,0)(k,0)(0,sx)(0,0)(0,0)(0,u)(ax,0)(0,0)(0,c)(0,0)(0,0)
(ux,ax)(0,0)(0,0)(0,c)(0,0)(qx,0)(0,8x)(0,0)(0,0)(0,cx)(mx,0)(0,0)(0,u)(0,0)(0,0)
(u,6)(0,0)(0,0)(0,i)(0,0)(a,0)(0,i)(0,0)(0,0)(0,mx)(sx,0)(0,0)(0,i)(0,0)(0,0)
(cx,kx)(0,0)(0,0)(0,ox)(0,0)(8x,0)(0,i)(0,0)(0,0)(0,i)(k,0)(0,0)(0,u)(0,0)(0,0)
(ox,ax)(0,0)(0,0)(0,ex)(0,0)(kx,0)(0,o)(0,0)(0,0)(0,o)(sx,0)(0,0)(0,6x)(0,0)(0,0)
(k,c)(0,0)(0,0)(0,i)(0,0)(qx,0)(0,ix)(0,0)(0,0)(0,mx)(ax,0)(0,0)(0,o)(0,0)(0,0)
(6x,u)(0,0)(0,0)(0,ox)(0,0)(ex,0)(0,8x)(0,0)(0,0)(0,u)(k,0)(0,0)(0,i)(0,0)(0,0)
(cx,i)(0,0)(0,0)(0,u)(0,0)(u,0)(0,i)(0,0)(0,0)(0,6)(a,0)(0,0)(0,qx)(0,0)(0,0)
(k,c)(0,0)(0,0)(0,i)(0,0)(kx,0)(0,sx)(0,0)(0,0)(0,u)(gx,0)(0,0)(0,6x)(0,0)(0,0)
(u,ax)(0,0)(0,0)(0,i)(0,0)(a,0)(0,u)(0,0)(0,0)(0,u)(gx,0)(0,0)(0,6)(0,0)(0,0)
(ux,c)(0,0)(0,0)(0,i)(0,0)(a,0)(0,sx)(0,0)(0,0)(0,i)(sx,0)(0,0)(0,6x)(0,0)(0,0)
(ox,6)(0,0)(0,0)(0,o)(0,0)(a,0)(0,u)(0,0)(0,0)(0,cx)(sx,0)(0,0)(0,gx)(0,0)(0,0)
(ux,6)(0,0)(0,0)(0,i)(0,0)(a,0)(0,ix)(0,0)(0,0)(0,mx)(mx,0)(0,0)(0,o)(0,0)(0,0)
(ux,ax)(0,0)(0,0)(0,6)(0,0)(k,0)(0,c)(0,0)(0,0)(0,u)(u,0)(0,0)(0,c)(0,0)(0,0)
(ux,ax)(0,0)(0,0)(0,ex)(0,0)(ex,0)(0,u)(0,0)(0,0)(0,u)(gx,0)(0,0)(0,6x)(0,0)(0,0)
(cx,o)(0,0)(0,0)(0,ex)(0,0)(kx,0)(0,o)(0,0)(0,0)(0,cx)(sx,0)(0,0)(0,gx)(0,0)(0,0)
(ux,6)(0,0)(0,0)(0,6)(0,0)(u,0)(0,ix)(0,0)(0,0)(0,6)(sx,0)(0,0)(0,qx)(0,0)(0,0)
(a,i)(0,0)(0,0)(0,i)(0,0)(k,0)(0,o)(0,0)(0,0)(0,c)(mx,0)(0,0)(0,qx)(0,0)(0,0)
(k,ax)(0,0)(0,0)(0,ox)(0,0)(qx,0)(0,c)(0,0)(0,0)(0,u)(ax,0)(0,0)(0,i)(0,0)(0,0)
(cx,i)(0,0)(0,0)(0,i)(0,0)(kx,0)(0,sx)(0,0)(0,0)(0,cx)(u,0)(0,0)(0,c)(0,0)(0,0)
(ux,c)(0,0)(0,0)(0,ex)(0,0)(k,0)(0,c)(0,0)(0,0)(0,u)(gx,0)(0,0)(0,gx)(0,0)(0,0)
(ix,c)(0,0)(0,0)(0,ex)(0,0)(kx,0)(0,sx)(0,0)(0,0)(0,cx)(gx,0)(0,0)(0,u)(0,0)(0,0)
(6x,ux)(0,0)(0,0)(0,ex)(0,0)(8x,0)(0,i)(0,0)(0,0)(0,o)(k,0)(0,0)(0,u)(0,0)(0,0)
(ux,kx)(0,0)(0,0)(0,6)(0,0)(qx,0)(0,c)(0,0)(0,0)(0,u)(a,0)(0,0)(0,gx)(0,0)(0,0)
(ox,6)(0,0)(0,0)(0,6)(0,0)(u,0)(0,i)(0,0)(0,0)(0,cx)(u,0)(0,0)(0,o)(0,0)(0,0)
(a,c)(0,0)(0,0)(0,i)(0,0)(qx,0)(0,i)(0,0)(0,0)(0,cx)(sx,0)(0,0)(0,qx)(0,0)(0,0)
(ox,kx)(0,0)(0,0)(0,6)(0,0)(u,0)(0,ix)(0,0)(0,0)(0,i)(ax,0)(0,0)(0,o)(0,0)(0,0)
(6x,kx)(0,0)(0,0)(0,i)(0,0)(k,0)(0,u)(0,0)(0,0)(0,u)(ax,0)(0,0)(0,gx)(0,0)(0,0)
(6x,o)(0,0)(0,0)(0,ex)(0,0)(u,0)(0,i)(0,0)(0,0)(0,o)(a,0)(0,0)(0,o)(0,0)(0,0)
(ux,kx)(0,0)(0,0)(0,6)(0,0)(k,0)(0,c)(0,0)(0,0)(0,u)(k,0)(0,0)(0,c)(0,0)(0,0)
(a,c)(0,0)(0,0)(0,u)(0,0)(ex,0)(0,ix)(0,0)(0,0)(0,c)(u,0)(0,0)(0,o)(0,0)(0,0)
(cx,u)(0,0)(0,0)(0,c)(0,0)(u,0)(0,c)(0,0)(0,0)(0,i)(u,0)(0,0)(0,6x)(0,0)(0,0)
(u,c)(0,0)(0,0)(0,ex)(0,0)(u,0)(0,i)(0,0)(0,0)(0,6)(sx,0)(0,0)(0,c)(0,0)(0,0)
(cx,i)(0,0)(0,0)(0,u)(0,0)(u,0)(0,c)(0,0)(0,0)(0,c)(a,0)(0,0)(0,qx)(0,0)(0,0)
(a,o)(0,0)(0,0)(0,ex)(0,0)(kx,0)(0,o)(0,0)(0,0)(0,u)(mx,0)(0,0)(0,6x)(0,0)(0,0)
(6x,u)(0,0)(0,0)(0,ex)(0,0)(u,0)(0,c)(0,0)(0,0)(0,cx)(mx,0)(0,0)(0,o)(0,0)(0,0)
(ix,6)(0,0)(0,0)(0,i)(0,0)(kx,0)(0,ix)(0,0)(0,0)(0,mx)(u,0)(0,0)(0,i)(0,0)(0,0)
(a,i)(0,0)(0,0)(0,ox)(0,0)(ex,0)(0,i)(0,0)(0,0)(0,o)(u,0)(0,0)(0,c)(0,0)(0,0)
(u,ax)(0,0)(0,0)(0,o)(0,0)(ex,0)(0,6)(0,0)(0,0)(0,o)(u,0)(0,0)(0,c)(0,0)(0,0)
(6x,c)(0,0)(0,0)(0,i)(0,0)(k,0)(0,sx)(0,0)(0,0)(0,c)(u,0)(0,0)(0,o)(0,0)(0,0)
(a,ux)(0,0)(0,0)(0,6)(0,0)(kx,0)(0,8x)(0,0)(0,0)(0,i)(sx,0)(0,0)(0,u)(0,0)(0,0)
(a,o)(0,0)(0,0)(0,ex)(0,0)(qx,0)(0,u)(0,0)(0,0)(0,c)(a,0)(0,0)(0,o)(0,0)(0,0)
(ox,6)(0,0)(0,0)(0,ox)(0,0)(a,0)(0,u)(0,0)(0,0)(0,c)(k,0)(0,0)(0,o)(0,0)(0,0)
(ux,ax)(0,0)(0,0)(0,i)(0,0)(qx,0)(0,6)(0,0)(0,0)(0,cx)(mx,0)(0,0)(0,qx)(0,0)(0,0)
(a,kx)(0,0)(0,0)(0,ox)(0,0)(ex,0)(0,u)(0,0)(0,0)(0,u)(ax,0)(0,0)(0,c)(0,0)(0,0)
(cx,o)(0,0)(0,0)(0,o)(0,0)(u,0)(0,6)(0,0)(0,0)(0,cx)(gx,0)(0,0)(0,qx)(0,0)(0,0)
(a,ux)(0,0)(0,0)(0,o)(0,0)(ex,0)(0,8x)(0,0)(0,0)(0,u)(mx,0)(0,0)(0,c)(0,0)(0,0)
(a,o)(0,0)(0,0)(0,c)(0,0)(k,0)(0,u)(0,0)(0,0)(0,i)(ax,0)(0,0)(0,qx)(0,0)(0,0)
(cx,u)(0,0)(0,0)(0,ox)(0,0)(a,0)(0,o)(0,0)(0,0)(0,6)(sx,0)(0,0)(0,gx)(0,0)(0,0)
(cx,ax)(0,0)(0,0)(0,o)(0,0)(ex,0)(0,ix)(0,0)(0,0)(0,i)(sx,0)(0,0)(0,qx)(0,0)(0,0)
(ix,c)(0,0)(0,0)(0,i)(0,0)(k,0)(0,o)(0,0)(0,0)(0,mx)(u,0)(0,0)(0,6)(0,0)(0,0)
(ix,c)(0,0)(0,0)(0,u)(0,0)(ex,0)(0,i)(0,0)(0,0)(0,cx)(k,0)(0,0)(0,qx)(0,0)(0,0)
(ux,c)(0,0)(0,0)(0,ex)(0,0)(ex,0)(0,o)(0,0)(0,0)(0,cx)(k,0)(0,0)(0,o)(0,0)(0,0)
(ox,c)(0,0)(0,0)(0,o)(0,0)(a,0)(0,o)(0,0)(0,0)(0,cx)(sx,0)(0,0)(0,gx)(0,0)(0,0)
(ix,6)(0,0)(0,0)(0,ex)(0,0)(u,0)(0,ix)(0,0)(0,0)(0,o)(ax,0)(0,0)(0,u)(0,0)(0,0)
(6x,o)(0,0)(0,0)(0,ex)(0,0)(u,0)(0,i)(0,0)(0,0)(0,cx)(mx,0)(0,0)(0,o)(0,0)(0,0)
(ox,ax)(0,0)(0,0)(0,o)(0,0)(a,0)(0,u)(0,0)(0,0)(0,u)(gx,0)(0,0)(0,6x)(0,0)(0,0)
(ix,ax)(0,0)(0,0)(0,u)(0,0)(a,0)(0,ix)(0,0)(0,0)(0,o)(ax,0)(0,0)(0,u)(0,0)(0,0)
(ox,c)(0,0)(0,0)(0,ex)(0,0)(qx,0)(0,i)(0,0)(0,0)(0,cx)(k,0)(0,0)(0,o)(0,0)(0,0)
(a,o)(0,0)(0,0)(0,ox)(0,0)(8x,0)(0,o)(0,0)(0,0)(0,c)(u,0)(0,0)(0,i)(0,0)(0,0)
(cx,o)(0,0)(0,0)(0,o)(0,0)(qx,0)(0,8x)(0,0)(0,0)(0,u)(k,0)(0,0)(0,6x)(0,0)(0,0)
(cx,o)(0,0)(0,0)(0,c)(0,0)(qx,0)(0,ix)(0,0)(0,0)(0,mx)(ax,0)(0,0)(0,qx)(0,0)(0,0)
(ux,ax)(0,0)(0,0)(0,6)(0,0)(a,0)(0,ix)(0,0)(0,0)(0,u)(gx,0)(0,0)(0,u)(0,0)(0,0)
(cx,o)(0,0)(0,0)(0,ox)(0,0)(qx,0)(0,6)(0,0)(0,0)(0,c)(k,0)(0,0)(0,qx)(0,0)(0,0)
(cx,ux)(0,0)(0,0)(0,c)(0,0)(a,0)(0,i)(0,0)(0,0)(0,mx)(gx,0)(0,0)(0,u)(0,0)(0,0)
(6x,o)(0,0)(0,0)(0,c)(0,0)(kx,0)(0,sx)(0,0)(0,0)(0,cx)(mx,0)(0,0)(0,qx)(0,0)(0,0)
(ix,c)(0,0)(0,0)(0,i)(0,0)(qx,0)(0,ix)(0,0)(0,0)(0,mx)(u,0)(0,0)(0,6)(0,0)(0,0)
(k,ux)(0,0)(0,0)(0,6)(0,0)(qx,0)(0,sx)(0,0)(0,0)(0,6)(sx,0)(0,0)(0,6)(0,0)(0,0)
(a,kx)(0,0)(0,0)(0,u)(0,0)(ex,0)(0,u)(0,0)(0,0)(0,c)(sx,0)(0,0)(0,6x)(0,0)(0,0)
(a,o)(0,0)(0,0)(0,6)(0,0)(kx,0)(0,ix)(0,0)(0,0)(0,i)(u,0)(0,0)(0,o)(0,0)(0,0)
(cx,u)(0,0)(0,0)(0,ex)(0,0)(k,0)(0,c)(0,0)(0,0)(0,u)(k,0)(0,0)(0,c)(0,0)(0,0)
(6x,ux)(0,0)(0,0)(0,c)(0,0)(kx,0)(0,sx)(0,0)(0,0)(0,6)(mx,0)(0,0)(0,qx)(0,0)(0,0)
(a,ux)(0,0)(0,0)(0,c)(0,0)(qx,0)(0,c)(0,0)(0,0)(0,o)(u,0)(0,0)(0,6)(0,0)(0,0)
(cx,6)(0,0)(0,0)(0,ex)(0,0)(k,0)(0,sx)(0,0)(0,0)(0,c)(sx,0)(0,0)(0,u)(0,0)(0,0)
(k,ax)(0,0)(0,0)(0,i)(0,0)(qx,0)(0,i)(0,0)(0,0)(0,cx)(mx,0)(0,0)(0,o)(0,0)(0,0)
(6x,u)(0,0)(0,0)(0,6)(0,0)(ex,0)(0,ix)(0,0)(0,0)(0,u)(k,0)(0,0)(0,qx)(0,0)(0,0)
(a,i)(0,0)(0,0)(0,ox)(0,0)(ex,0)(0,o)(0,0)(0,0)(0,o)(u,0)(0,0)(0,6)(0,0)(0,0)
(cx,ax)(0,0)(0,0)(0,u)(0,0)(ex,0)(0,ix)(0,0)(0,0)(0,c)(u,0)(0,0)(0,o)(0,0)(0,0)
(ox,6)(0,0)(0,0)(0,c)(0,0)(kx,0)(0,ix)(0,0)(0,0)(0,mx)(mx,0)(0,0)(0,qx)(0,0)(0,0)
(6x,o)(0,0)(0,0)(0,ox)(0,0)(8x,0)(0,i)(0,0)(0,0)(0,o)(k,0)(0,0)(0,qx)(0,0)(0,0)
(a,o)(0,0)(0,0)(0,c)(0,0)(kx,0)(0,u)(0,0)(0,0)(0,i)(u,0)(0,0)(0,6x)(0,0)(0,0)
(cx,o)(0,0)(0,0)(0,u)(0,0)(u,0)(0,6)(0,0)(0,0)(0,c)(a,0)(0,0)(0,qx)(0,0)(0,0)
(k,ax)(0,0)(0,0)(0,c)(0,0)(qx,0)(0,ix)(0,0)(0,0)(0,c)(mx,0)(0,0)(0,u)(0,0)(0,0)
(ix,c)(0,0)(0,0)(0,ox)(0,0)(ex,0)(0,o)(0,0)(0,0)(0,c)(u,0)(0,0)(0,gx)(0,0)(0,0)
(ix,ax)(0,0)(0,0)(0,i)(0,0)(kx,0)(0,ix)(0,0)(0,0)(0,i)(u,0)(0,0)(0,i)(0,0)(0,0)
(cx,u)(0,0)(0,0)(0,c)(0,0)(qx,0)(0,8x)(0,0)(0,0)(0,mx)(a,0)(0,0)(0,u)(0,0)(0,0)
(k,ax)(0,0)(0,0)(0,ox)(0,0)(ex,0)(0,u)(0,0)(0,0)(0,i)(ax,0)(0,0)(0,o)(0,0)(0,0)
(6x,ux)(0,0)(0,0)(0,o)(0,0)(a,0)(0,u)(0,0)(0,0)(0,6)(sx,0)(0,0)(0,gx)(0,0)(0,0)
(6x,i)(0,0)(0,0)(0,o)(0,0)(k,0)(0,8x)(0,0)(0,0)(0,mx)(mx,0)(0,0)(0,u)(0,0)(0,0)
(cx,o)(0,0)(0,0)(0,ex)(0,0)(kx,0)(0,sx)(0,0)(0,0)(0,u)(gx,0)(0,0)(0,6x)(0,0)(0,0)
(6x,o)(0,0)(0,0)(0,o)(0,0)(8x,0)(0,u)(0,0)(0,0)(0,cx)(k,0)(0,0)(0,qx)(0,0)(0,0)
(cx,i)(0,0)(0,0)(0,i)(0,0)(kx,0)(0,ix)(0,0)(0,0)(0,mx)(u,0)(0,0)(0,c)(0,0)(0,0)
(ox,c)(0,0)(0,0)(0,u)(0,0)(k,0)(0,6)(0,0)(0,0)(0,mx)(ax,0)(0,0)(0,qx)(0,0)(0,0)
(cx,u)(0,0)(0,0)(0,i)(0,0)(k,0)(0,8x)(0,0)(0,0)(0,mx)(sx,0)(0,0)(0,c)(0,0)(0,0)
(cx,i)(0,0)(0,0)(0,ex)(0,0)(qx,0)(0,sx)(0,0)(0,0)(0,c)(a,0)(0,0)(0,u)(0,0)(0,0)
(u,ax)(0,0)(0,0)(0,o)(0,0)(8x,0)(0,c)(0,0)(0,0)(0,o)(gx,0)(0,0)(0,qx)(0,0)(0,0)
(ox,c)(0,0)(0,0)(0,c)(0,0)(k,0)(0,sx)(0,0)(0,0)(0,c)(u,0)(0,0)(0,c)(0,0)(0,0)
(ix,u)(0,0)(0,0)(0,6)(0,0)(k,0)(0,o)(0,0)(0,0)(0,6)(u,0)(0,0)(0,gx)(0,0)(0,0)
(a,ux)(0,0)(0,0)(0,i)(0,0)(kx,0)(0,6)(0,0)(0,0)(0,o)(gx,0)(0,0)(0,qx)(0,0)(0,0)
(u,c)(0,0)(0,0)(0,i)(0,0)(u,0)(0,8x)(0,0)(0,0)(0,c)(sx,0)(0,0)(0,c)(0,0)(0,0)
(a,o)(0,0)(0,0)(0,ox)(0,0)(8x,0)(0,u)(0,0)(0,0)(0,c)(u,0)(0,0)(0,c)(0,0)(0,0)
(ix,o)(0,0)(0,0)(0,6)(0,0)(kx,0)(0,o)(0,0)(0,0)(0,mx)(a,0)(0,0)(0,qx)(0,0)(0,0)
(u,c)(0,0)(0,0)(0,ex)(0,0)(ex,0)(0,i)(0,0)(0,0)(0,u)(k,0)(0,0)(0,c)(0,0)(0,0)
(cx,i)(0,0)(0,0)(0,o)(0,0)(a,0)(0,ix)(0,0)(0,0)(0,i)(k,0)(0,0)(0,u)(0,0)(0,0)
(a,u)(0,0)(0,0)(0,ex)(0,0)(ex,0)(0,o)(0,0)(0,0)(0,u)(mx,0)(0,0)(0,6x)(0,0)(0,0)
(k,c)(0,0)(0,0)(0,u)(0,0)(ex,0)(0,ix)(0,0)(0,0)(0,mx)(sx,0)(0,0)(0,6)(0,0)(0,0)
(6x,ux)(0,0)(0,0)(0,ex)(0,0)(8x,0)(0,u)(0,0)(0,0)(0,mx)(ax,0)(0,0)(0,u)(0,0)(0,0)
(ix,o)(0,0)(0,0)(0,6)(0,0)(kx,0)(0,sx)(0,0)(0,0)(0,cx)(u,0)(0,0)(0,c)(0,0)(0,0)
(cx,i)(0,0)(0,0)(0,o)(0,0)(ex,0)(0,o)(0,0)(0,0)(0,cx)(u,0)(0,0)(0,gx)(0,0)(0,0)
(a,i)(0,0)(0,0)(0,ox)(0,0)(qx,0)(0,i)(0,0)(0,0)(0,6)(u,0)(0,0)(0,i)(0,0)(0,0)
(k,c)(0,0)(0,0)(0,i)(0,0)(k,0)(0,i)(0,0)(0,0)(0,mx)(gx,0)(0,0)(0,o)(0,0)(0,0)
(ux,ax)(0,0)(0,0)(0,c)(0,0)(ex,0)(0,o)(0,0)(0,0)(0,cx)(mx,0)(0,0)(0,qx)(0,0)(0,0)
(ux,c)(0,0)(0,0)(0,u)(0,0)(ex,0)(0,6)(0,0)(0,0)(0,mx)(a,0)(0,0)(0,qx)(0,0)(0,0)
(ux,ax)(0,0)(0,0)(0,c)(0,0)(ex,0)(0,u)(0,0)(0,0)(0,i)(u,0)(0,0)(0,6x)(0,0)(0,0)
(ux,ax)(0,0)(0,0)(0,c)(0,0)(a,0)(0,ix)(0,0)(0,0)(0,o)(gx,0)(0,0)(0,u)(0,0)(0,0)
(u,6)(0,0)(0,0)(0,c)(0,0)(ex,0)(0,sx)(0,0)(0,0)(0,o)(u,0)(0,0)(0,6)(0,0)(0,0)
(u,ax)(0,0)(0,0)(0,u)(0,0)(kx,0)(0,8x)(0,0)(0,0)(0,6)(mx,0)(0,0)(0,o)(0,0)(0,0)
(cx,i)(0,0)(0,0)(0,ox)(0,0)(kx,0)(0,8x)(0,0)(0,0)(0,i)(k,0)(0,0)(0,u)(0,0)(0,0)
(ox,c)(0,0)(0,0)(0,c)(0,0)(kx,0)(0,o)(0,0)(0,0)(0,mx)(u,0)(0,0)(0,6x)(0,0)(0,0)
(u,6)(0,0)(0,0)(0,i)(0,0)(a,0)(0,u)(0,0)(0,0)(0,c)(sx,0)(0,0)(0,gx)(0,0)(0,0)
(a,u)(0,0)(0,0)(0,ex)(0,0)(ex,0)(0,u)(0,0)(0,0)(0,cx)(sx,0)(0,0)(0,c)(0,0)(0,0)
(k,c)(0,0)(0,0)(0,o)(0,0)(u,0)(0,ix)(0,0)(0,0)(0,6)(gx,0)(0,0)(0,o)(0,0)(0,0)
(ix,c)(0,0)(0,0)(0,u)(0,0)(kx,0)(0,ix)(0,0)(0,0)(0,6)(k,0)(0,0)(0,qx)(0,0)(0,0)
(k,6)(0,0)(0,0)(0,o)(0,0)(ex,0)(0,ix)(0,0)(0,0)(0,mx)(sx,0)(0,0)(0,i)(0,0)(0,0)
(ix,c)(0,0)(0,0)(0,o)(0,0)(a,0)(0,ix)(0,0)(0,0)(0,i)(k,0)(0,0)(0,u)(0,0)(0,0)
(ox,6)(0,0)(0,0)(0,ox)(0,0)(a,0)(0,i)(0,0)(0,0)(0,u)(mx,0)(0,0)(0,gx)(0,0)(0,0)
(a,o)(0,0)(0,0)(0,ox)(0,0)(8x,0)(0,o)(0,0)(0,0)(0,o)(u,0)(0,0)(0,6)(0,0)(0,0)
(cx,ux)(0,0)(0,0)(0,o)(0,0)(a,0)(0,sx)(0,0)(0,0)(0,6)(gx,0)(0,0)(0,o)(0,0)(0,0)
(ix,kx)(0,0)(0,0)(0,6)(0,0)(u,0)(0,i)(0,0)(0,0)(0,cx)(gx,0)(0,0)(0,u)(0,0)(0,0)
(cx,6)(0,0)(0,0)(0,ex)(0,0)(u,0)(0,ix)(0,0)(0,0)(0,c)(sx,0)(0,0)(0,u)(0,0)(0,0)
(ox,6)(0,0)(0,0)(0,6)(0,0)(k,0)(0,i)(0,0)(0,0)(0,u)(k,0)(0,0)(0,qx)(0,0)(0,0)
(ux,c)(0,0)(0,0)(0,ex)(0,0)(ex,0)(0,sx)(0,0)(0,0)(0,cx)(gx,0)(0,0)(0,o)(0,0)(0,0)
(6x,ux)(0,0)(0,0)(0,o)(0,0)(ex,0)(0,6)(0,0)(0,0)(0,mx)(u,0)(0,0)(0,i)(0,0)(0,0)
(6x,kx)(0,0)(0,0)(0,ox)(0,0)(kx,0)(0,sx)(0,0)(0,0)(0,6)(mx,0)(0,0)(0,o)(0,0)(0,0)
(a,kx)(0,0)(0,0)(0,o)(0,0)(8x,0)(0,u)(0,0)(0,0)(0,i)(a,0)(0,0)(0,u)(0,0)(0,0)
(a,u)(0,0)(0,0)(0,c)(0,0)(ex,0)(0,ix)(0,0)(0,0)(0,o)(u,0)(0,0)(0,c)(0,0)(0,0)
(k,i)(0,0)(0,0)(0,6)(0,0)(k,0)(0,sx)(0,0)(0,0)(0,c)(gx,0)(0,0)(0,u)(0,0)(0,0)
(cx,i)(0,0)(0,0)(0,ex)(0,0)(kx,0)(0,ix)(0,0)(0,0)(0,mx)(gx,0)(0,0)(0,u)(0,0)(0,0)
(ux,kx)(0,0)(0,0)(0,6)(0,0)(k,0)(0,sx)(0,0)(0,0)(0,6)(gx,0)(0,0)(0,o)(0,0)(0,0)
(u,ax)(0,0)(0,0)(0,i)(0,0)(8x,0)(0,o)(0,0)(0,0)(0,o)(u,0)(0,0)(0,6)(0,0)(0,0)
(ux,c)(0,0)(0,0)(0,u)(0,0)(u,0)(0,6)(0,0)(0,0)(0,6)(a,0)(0,0)(0,qx)(0,0)(0,0)
(a,i)(0,0)(0,0)(0,ex)(0,0)(k,0)(0,u)(0,0)(0,0)(0,c)(gx,0)(0,0)(0,u)(0,0)(0,0)
(cx,ax)(0,0)(0,0)(0,i)(0,0)(k,0)(0,i)(0,0)(0,0)(0,u)(u,0)(0,0)(0,c)(0,0)(0,0)
(cx,ax)(0,0)(0,0)(0,ox)(0,0)(qx,0)(0,c)(0,0)(0,0)(0,c)(sx,0)(0,0)(0,qx)(0,0)(0,0)
(cx,ux)(0,0)(0,0)(0,ex)(0,0)(ex,0)(0,i)(0,0)(0,0)(0,u)(gx,0)(0,0)(0,gx)(0,0)(0,0)
(a,u)(0,0)(0,0)(0,i)(0,0)(a,0)(0,ix)(0,0)(0,0)(0,u)(mx,0)(0,0)(0,c)(0,0)(0,0)
(cx,o)(0,0)(0,0)(0,ex)(0,0)(qx,0)(0,i)(0,0)(0,0)(0,u)(k,0)(0,0)(0,6x)(0,0)(0,0)
(6x,ux)(0,0)(0,0)(0,c)(0,0)(u,0)(0,c)(0,0)(0,0)(0,o)(u,0)(0,0)(0,6)(0,0)(0,0)
(a,ux)(0,0)(0,0)(0,6)(0,0)(qx,0)(0,c)(0,0)(0,0)(0,u)(u,0)(0,0)(0,6)(0,0)(0,0)
(ux,o)(0,0)(0,0)(0,6)(0,0)(u,0)(0,8x)(0,0)(0,0)(0,i)(sx,0)(0,0)(0,6x)(0,0)(0,0)
(6x,u)(0,0)(0,0)(0,6)(0,0)(k,0)(0,sx)(0,0)(0,0)(0,6)(u,0)(0,0)(0,o)(0,0)(0,0)
(u,o)(0,0)(0,0)(0,6)(0,0)(kx,0)(0,8x)(0,0)(0,0)(0,i)(sx,0)(0,0)(0,gx)(0,0)(0,0)
(ix,o)(0,0)(0,0)(0,6)(0,0)(k,0)(0,i)(0,0)(0,0)(0,mx)(gx,0)(0,0)(0,qx)(0,0)(0,0)
(k,ux)(0,0)(0,0)(0,6)(0,0)(u,0)(0,6)(0,0)(0,0)(0,i)(ax,0)(0,0)(0,u)(0,0)(0,0)
(ox,6)(0,0)(0,0)(0,o)(0,0)(a,0)(0,u)(0,0)(0,0)(0,u)(k,0)(0,0)(0,6x)(0,0)(0,0)
(u,ax)(0,0)(0,0)(0,6)(0,0)(ex,0)(0,o)(0,0)(0,0)(0,u)(u,0)(0,0)(0,6)(0,0)(0,0)
(6x,kx)(0,0)(0,0)(0,6)(0,0)(k,0)(0,i)(0,0)(0,0)(0,u)(k,0)(0,0)(0,u)(0,0)(0,0)
(ux,ax)(0,0)(0,0)(0,i)(0,0)(a,0)(0,u)(0,0)(0,0)(0,i)(a,0)(0,0)(0,o)(0,0)(0,0)
(cx,ux)(0,0)(0,0)(0,u)(0,0)(a,0)(0,6)(0,0)(0,0)(0,c)(k,0)(0,0)(0,u)(0,0)(0,0)
(cx,i)(0,0)(0,0)(0,u)(0,0)(ex,0)(0,i)(0,0)(0,0)(0,cx)(k,0)(0,0)(0,qx)(0,0)(0,0)
(u,c)(0,0)(0,0)(0,o)(0,0)(ex,0)(0,6)(0,0)(0,0)(0,i)(u,0)(0,0)(0,gx)(0,0)(0,0)
(ix,ax)(0,0)(0,0)(0,ox)(0,0)(kx,0)(0,c)(0,0)(0,0)(0,i)(u,0)(0,0)(0,i)(0,0)(0,0)
(ox,6)(0,0)(0,0)(0,6)(0,0)(k,0)(0,sx)(0,0)(0,0)(0,u)(u,0)(0,0)(0,6)(0,0)(0,0)
(cx,ux)(0,0)(0,0)(0,o)(0,0)(8x,0)(0,c)(0,0)(0,0)(0,i)(u,0)(0,0)(0,gx)(0,0)(0,0)
(cx,ax)(0,0)(0,0)(0,o)(0,0)(qx,0)(0,8x)(0,0)(0,0)(0,u)(a,0)(0,0)(0,u)(0,0)(0,0)
(cx,i)(0,0)(0,0)(0,ex)(0,0)(u,0)(0,i)(0,0)(0,0)(0,cx)(gx,0)(0,0)(0,u)(0,0)(0,0)
(6x,ux)(0,0)(0,0)(0,o)(0,0)(8x,0)(0,c)(0,0)(0,0)(0,o)(u,0)(0,0)(0,gx)(0,0)(0,0)
(ux,c)(0,0)(0,0)(0,ox)(0,0)(ex,0)(0,6)(0,0)(0,0)(0,i)(k,0)(0,0)(0,qx)(0,0)(0,0)
(a,ux)(0,0)(0,0)(0,ex)(0,0)(8x,0)(0,o)(0,0)(0,0)(0,c)(mx,0)(0,0)(0,u)(0,0)(0,0)
(ox,kx)(0,0)(0,0)(0,6)(0,0)(u,0)(0,ix)(0,0)(0,0)(0,u)(ax,0)(0,0)(0,c)(0,0)(0,0)
(ox,kx)(0,0)(0,0)(0,6)(0,0)(kx,0)(0,sx)(0,0)(0,0)(0,cx)(sx,0)(0,0)(0,c)(0,0)(0,0)
(a,i)(0,0)(0,0)(0,i)(0,0)(qx,0)(0,ix)(0,0)(0,0)(0,c)(u,0)(0,0)(0,i)(0,0)(0,0)
(ox,ax)(0,0)(0,0)(0,ox)(0,0)(8x,0)(0,u)(0,0)(0,0)(0,c)(u,0)(0,0)(0,c)(0,0)(0,0)
(u,ax)(0,0)(0,0)(0,u)(0,0)(ex,0)(0,8x)(0,0)(0,0)(0,o)(ax,0)(0,0)(0,o)(0,0)(0,0)
(u,6)(0,0)(0,0)(0,ex)(0,0)(kx,0)(0,c)(0,0)(0,0)(0,o)(k,0)(0,0)(0,o)(0,0)(0,0)
(k,6)(0,0)(0,0)(0,o)(0,0)(ex,0)(0,sx)(0,0)(0,0)(0,u)(mx,0)(0,0)(0,6x)(0,0)(0,0)
(k,c)(0,0)(0,0)(0,ox)(0,0)(kx,0)(0,sx)(0,0)(0,0)(0,6)(gx,0)(0,0)(0,o)(0,0)(0,0)
(ix,6)(0,0)(0,0)(0,ox)(0,0)(ex,0)(0,sx)(0,0)(0,0)(0,o)(u,0)(0,0)(0,6)(0,0)(0,0)
(cx,kx)(0,0)(0,0)(0,i)(0,0)(u,0)(0,ix)(0,0)(0,0)(0,c)(gx,0)(0,0)(0,o)(0,0)(0,0)
(u,ax)(0,0)(0,0)(0,c)(0,0)(a,0)(0,i)(0,0)(0,0)(0,i)(mx,0)(0,0)(0,u)(0,0)(0,0)
(k,ux)(0,0)(0,0)(0,6)(0,0)(qx,0)(0,c)(0,0)(0,0)(0,mx)(ax,0)(0,0)(0,o)(0,0)(0,0)
(cx,u)(0,0)(0,0)(0,u)(0,0)(8x,0)(0,c)(0,0)(0,0)(0,mx)(a,0)(0,0)(0,qx)(0,0)(0,0)
(cx,6)(0,0)(0,0)(0,i)(0,0)(u,0)(0,i)(0,0)(0,0)(0,cx)(sx,0)(0,0)(0,qx)(0,0)(0,0)
(cx,kx)(0,0)(0,0)(0,ox)(0,0)(ex,0)(0,i)(0,0)(0,0)(0,i)(sx,0)(0,0)(0,gx)(0,0)(0,0)
(a,kx)(0,0)(0,0)(0,c)(0,0)(kx,0)(0,ix)(0,0)(0,0)(0,o)(gx,0)(0,0)(0,u)(0,0)(0,0)
(ix,ux)(0,0)(0,0)(0,6)(0,0)(ex,0)(0,sx)(0,0)(0,0)(0,c)(u,0)(0,0)(0,c)(0,0)(0,0)
(ux,i)(0,0)(0,0)(0,6)(0,0)(u,0)(0,c)(0,0)(0,0)(0,i)(a,0)(0,0)(0,qx)(0,0)(0,0)
(k,6)(0,0)(0,0)(0,ox)(0,0)(kx,0)(0,c)(0,0)(0,0)(0,u)(mx,0)(0,0)(0,gx)(0,0)(0,0)
(a,ux)(0,0)(0,0)(0,c)(0,0)(ex,0)(0,o)(0,0)(0,0)(0,o)(u,0)(0,0)(0,6)(0,0)(0,0)
(cx,i)(0,0)(0,0)(0,ex)(0,0)(u,0)(0,ix)(0,0)(0,0)(0,i)(ax,0)(0,0)(0,u)(0,0)(0,0)
(ix,ux)(0,0)(0,0)(0,6)(0,0)(qx,0)(0,sx)(0,0)(0,0)(0,6)(u,0)(0,0)(0,6)(0,0)(0,0)
(a,u)(0,0)(0,0)(0,ex)(0,0)(8x,0)(0,o)(0,0)(0,0)(0,cx)(mx,0)(0,0)(0,u)(0,0)(0,0)
(6x,i)(0,0)(0,0)(0,o)(0,0)(ex,0)(0,sx)(0,0)(0,0)(0,o)(a,0)(0,0)(0,qx)(0,0)(0,0)